--generation dispatch
bus id,unit id,pg(MW),qg(MVar)
123,33,148.2666064063,2.2889655356
102,7,61.1519626727,-10.2415164867
222,58,57.9113228405,4.8697079150
301,68,17.0274921466,-0.3618675272
301,69,7.2589119873,-34.8069504342
314,81,0.0000000000,-4.4133238859
201,35,14.2388654189,1.3390379137
122,29,36.8869722257,2.3946823983
115,21,28.5543283499,10.2852629267
322,95,53.9169311241,4.1780206796
302,71,13.9132017576,3.0909981427
123,31,35.4380793370,18.5770567269
307,76,45.5938676474,-11.1640743391
115,17,3.6457315141,2.4938635870
322,91,38.8719023527,8.4554205335
313,79,72.1004075358,-1.7724917368
315,86,4.0007548387,2.8961302828
118,23,407.1157510424,100.0597731055
222,63,37.2333078756,-2.2429915315
107,10,30.6285919164,4.8024294476
207,42,23.5231210684,15.5335480531
207,43,1.9387460788,2.6103224974
222,60,43.1113327988,4.9383212116
302,74,21.3175975159,-8.8538626654
102,8,61.1519624803,-5.2352039939
222,61,59.5022987968,3.1074650867
115,20,7.2532812260,4.3808247911
313,78,103.7664178168,-14.3537172129
213,47,44.6398392601,11.0703317743
223,66,199.2642113167,58.1592071784
101,4,41.3681225185,-22.8578253965
116,22,106.6221090969,-24.3229545382
318,89,294.6607350974,76.7490161616
215,52,6.3756790372,4.3658306841
201,34,9.6737324262,-4.0000260515
216,55,77.6309368003,69.4037070465
113,13,83.0352614455,0.2422172495
221,57,340.4280875480,38.2511244556
323,97,85.5085116264,1.9320071694
101,2,19.2279949648,1.6818656987
122,30,45.0011550838,-0.8736721493
215,50,1.3456574439,4.9987160673
301,67,21.7165210672,-3.1895401345
122,25,43.0957480748,6.9367724203
213,45,123.2355757752,16.4567395087
202,39,11.7283422544,1.4009061437
321,90,424.2010047699,32.3810441056
202,38,14.6013659131,4.4730450817
115,16,5.1468546379,4.1167331351
223,65,77.3864348956,-6.8734602341
201,37,36.3256607342,-11.6530508609
101,3,41.3681214305,-21.1422142924
315,82,5.8092240030,1.1947541452
322,92,48.7872624161,-3.4118085055
122,28,58.7019716316,6.5123906447
215,49,5.9443458364,2.7229891101
315,85,2.9966565766,2.3310418699
213,46,62.0668362905,1.6662129616
222,62,36.6069512390,-1.6168241295
223,64,98.0904251499,4.5514496963
302,73,12.5518890411,-14.8771461886
322,96,61.8037504235,0.6287470593
114,15,0.0000000000,-8.0534096326
313,80,75.0349145653,6.5911189281
201,36,20.9692793127,-22.3805035191
207,44,31.4373507906,11.5536104214
102,5,16.8855777478,-4.4900995811
101,1,12.4120456952,-1.6555957322
113,14,140.6344359415,-31.9778950819
122,27,45.2562433872,1.0153250737
323,99,106.1703234048,-3.9432860394
215,54,66.4479930015,93.5992516535
323,98,85.5323597905,-21.9080462651
113,12,15.3877885262,2.9593603935
214,48,0.0000000000,43.8172886030
115,19,5.4080297746,1.6759523969
215,53,2.0970882279,4.9498506850
302,72,17.2506257295,-0.0321268150
122,26,49.0906917043,2.7813485494
315,87,61.6071728500,84.2354844810
322,93,51.7951585069,5.4648842099
316,88,69.3955370505,89.5482026413
307,75,34.3001475588,11.4524631453
315,83,3.6590462705,3.7051465819
315,84,3.9595327262,3.0071147145
322,94,45.8777677240,1.4298128389
222,59,62.1969346606,8.3391570785
301,70,21.8094971873,-19.7414844739
115,18,4.3913561270,1.0656463291
123,32,115.7231761861,-23.7981907582
218,56,314.6610152020,67.3302926940
202,40,18.1371076779,-9.3803649297
202,41,18.1371076505,-36.1142205267
102,6,19.1837384338,-0.9666259348
215,51,4.0338766775,3.5684524194
121,24,430.7986751788,155.4170139338
307,77,7.3211481419,16.6579709457
107,9,48.0442985190,5.9261116626
107,11,24.5120174528,-12.0535369130
--end of generation dispatch
