--generation dispatch
bus id,unit id,pg(MW),qg(MVar)
102,8,74.4104909951,-5.5286657205
213,47,98.6664717223,-4.4011541201
123,33,145.0954180234,-5.6448639632
115,16,6.4359694283,2.9846104804
321,90,414.5379223561,133.5369122554
322,95,37.9271218242,4.5973705629
222,62,38.4833138845,0.5611135457
201,36,11.2886132261,13.6312760340
315,86,7.8311065808,2.1656774815
118,23,409.7078752491,12.5226118107
102,7,91.4733170400,-11.9119872418
315,82,0.1797621644,3.2428393462
315,85,0.7865242105,2.5027834104
302,73,44.5183146942,-37.1684000163
101,4,50.4828177315,13.2501869918
322,96,42.1622628734,-0.3780848272
314,81,0.0000000000,40.6507423430
114,15,0.0000000000,-51.9354752301
313,80,61.2510064650,-3.9244768852
122,26,59.2968395601,4.5681201719
207,42,58.6867132891,23.0176419433
107,9,3.8294476623,2.7458345057
121,24,423.7196738997,155.7942956671
113,13,77.3659160475,13.3598552213
215,52,2.0376360609,3.5832462893
323,97,45.9634550198,19.8152853955
307,75,21.5334619399,5.8934709257
322,91,64.2521587309,10.3154434932
302,71,13.9139592939,4.1762964681
313,78,75.2113707840,-11.6170469994
113,12,114.4940503738,6.3070784022
216,55,111.0353424189,-39.0889057452
301,68,11.8471463933,0.2666127882
107,10,5.4479102223,19.3556467529
215,54,7.8996450042,5.3726894459
202,40,12.2559720145,-48.1382348119
301,70,4.8102925213,-24.5299225660
223,65,3.7587064016,-56.6883492308
115,17,6.9543219700,3.0243140910
215,50,5.4253694981,2.3986502637
322,92,40.8669535016,0.6425469695
116,22,51.6856610266,-15.5468752403
322,94,57.4799159021,2.0052868716
222,60,52.3393432321,5.2679644805
215,53,2.3970098053,3.5256627342
201,34,18.0409682308,3.6394698282
307,77,23.9907010683,1.5672416226
315,87,87.7610008782,87.8447527840
122,27,35.3470214054,-13.7951897805
115,18,0.6134773831,2.2075859809
302,72,19.1530365116,-0.3367654623
201,37,31.6599386906,13.0105565232
301,69,26.2203751937,-29.1735433635
315,84,4.8313064990,4.4670813465
123,32,88.7290659779,-72.8152789579
222,61,64.0644908105,-9.8404168160
221,57,117.1046570100,74.8009772652
323,99,223.5913611009,126.0682160141
201,35,10.4400752523,5.9647841357
215,51,6.5711152715,3.0946926477
207,44,36.7832317649,9.4085252113
102,5,9.0049472603,1.7361413209
113,14,42.8065051677,36.9251910424
313,79,77.5243200280,-12.7142266527
101,1,18.3223826785,4.6992752303
222,63,36.5048744031,-9.6242214212
115,21,34.6424830638,53.2049350735
215,49,9.1268567292,3.9326721127
101,3,50.4828147706,17.3448609810
223,64,75.3392176001,-46.9057911206
122,29,42.2949393063,-12.5389594372
302,74,13.0485600986,-21.6980489640
101,2,21.6121220130,7.6165087561
122,28,55.4767921700,3.6043303513
207,43,59.0660372636,2.2017055715
213,46,75.2951012633,28.4036732436
122,30,47.9937214281,1.8322388056
123,31,103.9321323746,-12.5328520175
115,20,5.0093036811,2.1369091168
102,6,13.9112013502,1.6257488038
107,11,31.6833183941,1.5601335147
223,66,139.4686162760,15.9795339255
316,88,62.1318652094,70.4811408559
301,67,20.1654755355,-1.7178120438
315,83,1.0833257040,3.7198414088
202,38,20.1407563567,-0.2571377436
218,56,189.5870588653,44.2884437912
213,45,72.0915376433,24.6993300781
122,25,61.7470643732,-9.6525333642
323,98,31.7240246145,14.1938988159
222,59,55.9237556266,5.2596913845
307,76,22.7482014758,21.8338237459
214,48,0.0000000000,44.6995146957
222,58,56.6602149177,-6.3538678555
115,19,5.3544799755,4.5419265083
202,41,14.9774626002,-35.4984919586
318,89,469.0307230742,48.4230559252
202,39,11.6132150868,1.0236231268
322,93,60.7085162277,3.7598836862
--end of generation dispatch
