--generation dispatch
bus id,unit id,pg(MW),qg(MVar)
222,63,57.0964580573,4.3327769405
122,27,55.8511290313,4.2501520430
216,55,57.1496170022,78.3013785604
102,5,20.2869560301,-2.8113654738
301,68,11.5912657119,0.2999237805
115,19,4.2414249346,2.2812535503
221,57,419.2850553990,56.1040936841
323,97,110.6029662403,-8.1725028805
102,8,32.1943880118,-20.7092658570
101,2,19.9403263952,5.8945762187
302,72,12.0882508383,-0.0795269987
207,43,40.1030417875,-7.8904165258
314,81,0.0000000000,14.4539682482
313,80,61.1566540311,37.8329229091
114,15,0.0000000000,-24.3698947861
101,1,18.2339011532,5.7034567755
302,73,11.7299342766,-14.6778388599
102,7,30.7289163266,-32.2120865530
107,10,27.1700194280,0.0900902251
201,36,10.1632739890,-41.3921192464
315,86,1.7659022287,4.8664122209
121,24,384.6757953796,63.4211522786
115,16,4.3352656091,1.9683615855
315,87,98.2105116678,85.7421598822
218,56,461.6285663098,77.2067449144
115,18,2.8767789250,2.6617137940
122,26,49.9799102834,1.1626069440
107,11,35.0713604095,16.6852496275
201,34,13.0685842086,-0.3508582984
301,69,11.6186403912,-35.9016928681
123,32,33.7540368454,-54.0066703168
313,79,76.2252347763,19.0670754218
207,42,24.2079673742,11.1011674737
215,52,0.0897656254,3.8872170072
122,29,63.9417949724,2.8214141331
116,22,81.7065534962,-15.7382759324
215,50,4.5635945272,5.1679552771
101,4,32.1997381949,-12.9520012361
315,82,6.0756786833,4.2465403447
113,14,64.6633232422,0.7617891334
201,37,10.1632818474,-15.3649356774
301,67,14.8611918964,-3.7369319745
315,84,2.0848354425,2.6973722473
202,39,16.4988544631,5.9032208601
315,85,4.5948845597,5.6289054847
122,30,47.7183425459,-7.7927144662
101,3,22.9863256320,-36.4880132283
322,91,58.0069713817,1.3307892685
107,9,23.4827132069,18.0392850131
113,12,20.0307184350,33.0362269581
307,77,23.1522159910,1.9370225963
318,89,302.1508787764,56.7753844857
215,53,2.8741782250,3.5371545789
202,38,19.0984920372,-2.6002801849
302,74,64.4391402615,-3.1145129822
222,61,38.4615330315,-1.4714178313
123,31,33.4026872597,11.5527054576
301,70,11.5095804707,-33.0640221742
202,40,10.1429940227,-22.1859528791
322,96,49.8447641229,3.5090033922
201,35,20.5966178244,-1.1264014235
321,90,364.5426872005,55.6661576319
113,13,76.8744419349,-19.7155719337
315,83,0.1012233287,5.0050728938
222,58,36.9218126508,4.0898599207
118,23,339.4155524294,128.2869368186
223,65,101.6099509277,-38.3815813198
122,28,62.3842733642,-4.9133375929
214,48,0.0000000000,23.7745390152
323,98,110.6029661707,-30.8832582016
115,20,2.4524565940,3.7910819407
123,33,172.7799020507,-4.7827266361
115,17,0.8038885376,1.7136029394
215,54,108.2016976587,54.2970903139
222,60,39.4378440581,-1.8462628349
213,46,18.9310039726,-18.8057066368
322,93,44.0712468570,5.0576501605
322,94,45.8749018852,-0.7616403441
322,95,52.5298499257,-0.0481535896
213,47,35.4604349032,-5.8757567360
313,78,130.6323197079,-15.3523398021
207,44,38.9474914002,25.2577407891
323,99,153.7255575328,44.3283555509
307,76,9.1101323860,25.8985256322
222,62,64.6209932292,5.3403518548
322,92,58.0737395619,6.7067003391
213,45,129.8585727304,-13.6669781141
223,64,75.8195304485,-9.4950470947
307,75,24.4789924205,3.1516956649
316,88,103.3613720593,73.3248429822
215,49,3.2692704966,5.3902186854
215,51,2.3121525401,2.4597454447
115,21,58.3857219785,40.1680486738
102,6,20.3450652847,-1.2434007741
222,59,60.8246265036,6.9597478407
122,25,51.1389957774,4.8631285306
223,66,142.0414725807,65.2975127663
302,71,13.0955615275,0.9753866873
202,41,41.2398262120,-20.4978939050
--end of generation dispatch
