--generation dispatch
bus id,unit id,pg(MW),qg(MVar)
201,34,13.7206960365,-0.4467631201
223,64,49.7619176108,-25.6503688937
122,26,53.7969394007,4.0251569493
316,88,18.3762947507,57.8558215520
201,37,16.2690607216,-12.4333301854
115,17,6.6338537912,2.4843766747
307,76,2.9025817771,6.3045112032
202,40,16.5946689467,-30.2942021531
215,52,5.1707156505,4.4748119085
215,49,1.5609870227,3.5980156178
222,62,56.2881783266,7.6283503840
123,31,61.9931623766,-10.7162820879
322,93,55.5995079462,-2.7656814184
113,12,109.9072836669,-12.9302519137
101,2,14.8249586609,0.2893676148
122,25,55.7298644355,0.1072689340
102,5,19.9456069798,0.9501394086
102,8,55.0629434374,-27.1698604047
313,80,84.3893785818,31.3992433940
318,89,369.7123532221,132.1852742718
113,13,86.7395657562,8.3446812702
213,46,27.4396855808,15.2294349992
302,74,39.0377475555,-29.6145146997
322,96,38.3802573925,4.4186827899
123,33,73.9444802967,19.7320780241
315,82,1.4227329506,4.5448661518
301,69,5.1567237986,-22.9795607640
307,77,38.8778684850,-7.3532019065
302,73,6.0415311000,-7.3818630397
122,27,60.2306475888,8.0687699797
207,42,9.8278059022,33.3563379712
213,47,55.1784860961,-16.2459218902
221,57,405.1383140270,101.3741907394
113,14,48.2688653681,16.7787800411
222,61,53.0562980716,3.3263194727
122,30,46.0998712109,6.5431917949
207,44,51.1117991051,16.2260297713
322,92,35.6578945910,-0.2950606930
102,6,20.0251682659,2.6010953915
123,32,40.9087339272,31.5646214611
222,63,40.0566196009,0.8739534281
201,35,19.9356387340,3.6289242646
213,45,128.1936272640,-18.8923246526
313,78,48.1524059650,-8.1661656124
215,50,7.4448526958,2.4049223428
301,67,12.5545917853,-1.1310270031
107,10,15.3585577922,20.7432738706
314,81,0.0000000000,89.7008888118
222,58,46.6419291204,2.6808509229
218,56,471.6690530367,124.6142130688
122,29,42.2960859423,2.1264263148
202,38,13.6538062336,3.7411004099
302,71,14.0562979623,1.1929655185
315,84,3.1635234836,4.3730876257
122,28,42.9346631073,4.7383705010
101,3,48.8368409698,-30.3207373008
215,51,0.1283658514,3.9910111029
215,53,7.3715237742,1.8650788322
323,99,33.4183257649,24.5724031478
215,54,55.0813324089,7.6548715720
315,87,60.3399848317,73.6555372699
115,20,3.9577010361,4.8297909004
115,21,79.2453989590,-2.4801833201
207,43,43.4502144347,-17.3345613292
323,97,87.9053291158,-6.5961770626
307,75,12.2162886796,23.0432897454
223,66,183.1789019018,-17.3989194668
101,1,15.8405611083,2.3220835292
301,70,33.6252444559,-14.5216034934
302,72,20.5785708916,-3.8568495633
202,41,24.8448466824,-10.1023589150
322,95,58.1515718910,-0.0667760194
107,9,6.3512591298,-6.0076741229
214,48,0.0000000000,-74.8667923774
216,55,70.0369278067,101.9056577099
118,23,396.9503951872,56.7892267185
202,39,18.1186556027,-1.1396991256
114,15,0.0000000000,45.2367130060
101,4,30.0148695023,-43.5758144940
102,7,55.0629395811,-22.3986186470
321,90,390.9921990186,230.2537063335
116,22,35.9274082763,-20.6485332501
323,98,56.3781440281,41.7124498414
201,36,17.8974769329,-14.4254117814
121,24,421.4860807402,105.2032533909
107,11,27.8783839711,11.0680841597
322,94,61.5575175995,8.8393775356
315,85,0.5635576410,4.5250262759
115,18,7.6898972582,1.6200400989
222,60,50.2493703469,4.5636390969
322,91,40.0602219749,3.3750037789
315,86,5.4806930984,2.3555607527
115,16,3.4769899980,4.0184154168
115,19,3.0431863984,4.0645909596
222,59,49.6930935523,2.9885044583
313,79,59.1373427137,-22.0061897186
223,65,22.5547859574,38.4361131538
315,83,2.8678903966,4.4530144786
301,68,21.5171962995,-2.9626714670
--end of generation dispatch
