--generation dispatch
bus id,unit id,pg(MW),qg(MVar)
202,38,10.1468499855,0.5895041854
214,48,0.0000000000,-61.2212867143
315,82,7.0616066334,3.9175749356
302,73,30.6387920912,-40.5396476642
201,34,15.4318078573,0.9126859717
222,60,38.4981900304,3.3081600908
302,74,18.6059980965,-33.5286834963
315,85,7.5892751713,4.3158650237
322,91,38.4561990775,3.5315466032
301,69,50.7424545502,-16.2742071166
115,17,1.9209030928,3.3351089252
215,54,70.4402808277,76.9789243462
315,87,122.7344794809,54.3802122668
322,96,37.4701672784,3.5443157535
115,19,4.7285527644,2.0690799334
313,78,14.0977999697,-1.3397554877
223,66,113.2552699932,-19.1878872293
323,98,141.5523243211,6.2673898936
115,20,2.5045179871,3.1740617175
314,81,0.0000000000,55.6071155577
122,28,37.6302603365,2.8963426315
301,70,22.7344587041,-6.5430258048
101,3,13.2861990933,-37.7147504279
123,32,55.3206223049,-11.0628892278
318,89,350.6368841104,62.7864011685
116,22,41.8296698749,-25.3588929438
215,52,6.9583928285,4.7964115448
121,24,488.4172585653,154.5292413487
302,71,12.7378134510,3.2020934249
107,11,37.3673395710,27.0066113002
207,44,23.7489740911,15.4136602007
202,41,47.6754571564,-12.0587856445
222,58,54.7792258593,-0.8510585079
222,61,48.0787001308,-1.6154594386
213,45,30.5109635718,-7.1719195156
101,4,26.2842432712,-24.3632951780
216,55,76.0167188599,76.4749036938
222,63,60.2668210692,6.5460549091
223,65,89.2471779170,-60.1315269577
322,93,61.9067689512,-1.0013243942
222,62,44.3398618502,7.1310142751
207,43,26.2511048978,-18.5401366043
315,84,4.4408667221,1.6490414113
122,25,58.2007014252,3.0741357532
222,59,60.0274566645,4.4527037693
115,18,3.5950507523,0.7052033985
118,23,411.2425079058,25.7258034691
123,31,55.3206264981,22.8816864171
223,64,98.0239287167,-20.9707928292
122,26,40.4392418860,3.0465131722
322,94,51.3064818378,3.0469586610
313,80,33.9704055128,-8.5716772768
113,13,53.3033414404,-31.9622790458
101,2,15.3236713209,-3.6485051596
115,21,82.2095777845,7.4409957496
102,8,30.7417572069,-38.8640451673
301,67,18.1287313870,5.1509081719
107,10,32.7922935500,-5.4603623527
115,16,0.4662665481,2.8950099605
307,75,11.6197679646,22.8051666199
122,27,62.4028052379,-0.4968917480
213,47,105.2555095689,34.5298995303
323,99,212.3761538948,18.4748166870
215,49,4.2838438103,4.0332290096
213,46,118.3840854909,26.3504816738
316,88,129.8372364109,70.8710461336
321,90,347.8124787904,74.0961351314
322,92,43.5795712719,2.2199548036
202,40,9.3495943625,-42.3328511208
322,95,39.0232567038,0.6250114727
315,86,1.6907702913,4.4398351513
107,9,21.6573608434,6.2391798245
201,37,13.5067598996,-24.4848660122
202,39,15.1939395792,3.1082252907
122,30,43.7253115222,5.0664984481
102,5,18.6219765211,0.5261617290
201,36,40.1076092965,-28.3426567049
201,35,19.4009132883,1.4157306757
315,83,4.9700241235,3.5387669986
221,57,461.1873109320,47.8200169767
122,29,52.8383516021,1.2070217457
102,7,30.7417582153,-12.0787240429
215,51,0.4077393876,2.9851313689
323,97,141.5523131314,41.6575980113
307,77,0.8817226026,-8.9779720097
101,1,16.4658077680,-5.0033963290
123,33,86.2234278852,49.2518944391
218,56,326.0768368337,81.9933433719
301,68,18.4154028895,3.0691206521
215,53,0.5609797590,4.8910417530
307,76,54.1987164453,10.4364107772
113,14,108.4379670628,-25.2402246183
113,12,34.4896982232,22.5485952227
215,50,3.9381369729,2.2015245487
313,79,12.3286184696,20.1923805832
207,42,56.6212431935,1.7550132084
114,15,0.0000000000,89.6068269749
102,6,14.0834102704,-0.5513819497
302,72,16.9426672895,0.0487138870
--end of generation dispatch
