--generation dispatch
bus id,unit id,pg(MW),qg(MVar)
121,24,419.0748709339,111.3545055983
222,58,39.7886799425,5.3756603464
321,90,418.3431019944,212.6883149745
122,25,58.7415293095,7.1528573624
113,14,25.3877859634,-2.3247679012
107,10,2.1808664962,-18.6839628253
114,15,0.0000000000,-5.7394060245
116,22,89.9403204526,-35.4916257733
118,23,401.9222531676,65.3454786250
315,84,1.9548111870,4.3026722209
302,71,19.1937755956,-0.5650867876
201,35,21.8226540422,3.9144716651
122,26,40.1088365031,4.0475495283
215,51,8.4345079820,1.7517087124
322,93,64.4746317172,2.3537890973
123,32,49.4463756342,-19.4505655382
215,50,3.9577899334,2.6363773031
315,82,7.8343193441,4.5258258077
222,63,63.8612748739,2.3891846004
307,77,43.9986369567,-7.3051865917
102,6,17.4392451718,-2.2106361665
302,74,17.2842520175,-19.7462257622
213,47,21.2928636750,8.8966292371
315,83,4.9645755849,1.8698617652
113,13,104.8274076704,-12.5394546370
222,61,43.4465630991,6.5608481947
222,60,57.1641087239,4.1020135803
213,46,12.2690928892,30.5013569655
323,97,23.9419163453,-19.8182718563
201,34,17.7783529213,5.7740383328
115,18,5.2159093314,5.0452156743
207,44,19.4982750697,-10.8555485430
215,52,1.3573067415,4.5033335817
201,36,31.9491514157,-17.1058112023
323,98,31.3271703480,4.5600559771
113,12,58.1475521498,-13.7194508883
216,55,93.2756720957,88.7802048283
301,70,37.9483367696,-5.7815588270
302,73,2.5906387334,-31.2047221545
123,31,45.8737964207,17.8359048839
221,57,397.5116015130,63.6445906302
215,53,8.1052305026,1.1188476979
202,40,32.9524678964,-37.0549126815
307,75,48.9394851941,34.2970444001
115,19,10.2109131293,3.2571086879
207,42,21.0581933294,19.8807331432
307,76,2.3681064160,-9.0228246226
313,79,105.7364564837,22.5740703755
215,54,67.5720331132,64.9301112874
322,91,45.0936322466,-3.0823277028
202,39,12.2202362124,2.3635428753
315,87,100.6788809399,78.5242867109
301,68,13.8958247242,-2.5738399371
123,33,228.8776477636,31.3707862023
323,99,53.1733803375,6.4961345852
315,85,4.3021661595,3.7573336701
122,30,57.5060795996,7.2522835892
101,2,17.0640153564,2.2101663876
102,5,12.1136040676,3.0973015133
122,28,38.9569837813,0.4652598736
315,86,0.5651049110,3.8622653774
313,78,33.7914325471,12.3122274035
218,56,413.1270088057,90.4916697217
115,20,10.1608639114,4.4541786218
122,27,60.6010934481,-0.9851086674
223,66,79.9306917665,-29.8774812344
322,96,64.4635859823,2.1707775924
102,8,49.2102246098,-45.0529119265
223,65,104.0062656933,-33.9359505541
316,88,35.0300904265,83.4507008970
222,59,51.3654182209,3.8941853373
107,9,41.4558778956,25.0944295371
115,16,10.0849625075,2.1275936072
213,45,100.9474412278,18.1583450720
115,17,1.1033145422,3.7481525559
322,95,40.8230470556,5.8297273457
223,64,41.1395366051,-12.4181153408
215,49,3.1475562938,4.9860370462
302,72,17.3267510295,2.0184751305
102,7,49.2098227049,-10.0727557451
222,62,61.9768756661,-0.2724311048
313,80,46.2138759002,31.8863847111
322,92,52.8733633870,6.6872585980
101,3,31.0084728252,-26.6805839754
314,81,0.0000000000,38.0609440535
201,37,32.0049588417,-9.5125327943
122,29,35.8964068353,-4.5562138477
115,21,56.2479716148,25.5367857800
214,48,0.0000000000,-37.1925674605
322,94,52.2416774036,2.5430089657
107,11,20.0733730082,1.3674144184
101,4,31.0083811324,-32.9965939867
207,43,25.1601836870,28.6516700295
202,38,19.7183559442,3.7796330841
202,41,44.6293331616,-29.2066316153
318,89,448.6752753348,138.3648460776
101,1,21.0142427413,-0.5272785591
301,67,20.2949879027,-2.2653024996
301,69,48.0752155221,-39.2954594342
--end of generation dispatch
