--generation dispatch
bus id,unit id,pg(MW),qg(MVar)
223,66,93.8510921579,44.1046414002
301,70,11.1949312904,-8.7347599106
115,17,2.2066699576,4.4023762035
207,44,26.9718310423,-4.3921272223
202,40,25.4524891291,-31.5920702900
213,46,79.3348785054,31.6340743393
101,3,36.3015774667,0.8456251748
207,43,27.5615297467,27.9890380473
122,29,61.7154011282,-4.7869452245
122,26,50.3029160214,-6.4304717119
223,64,66.9844965914,-2.9045151463
202,39,17.6858302646,-1.0466189031
222,59,39.4157374290,2.8246603405
301,69,15.9849196388,-11.8696941305
301,68,21.1519560325,-2.2082455145
115,20,5.7413755804,2.8249703703
202,38,11.7874864140,2.0417659892
113,13,62.7398091055,5.0231346934
202,41,7.2510199680,-28.3891943703
323,98,40.1590952855,2.9801311576
113,12,118.3653540264,-4.9769993103
301,67,18.9607350391,4.1114926230
107,9,44.9090211804,15.9645342431
115,18,6.0074467051,2.4584255945
121,24,293.4870088002,99.6047089089
113,14,110.4388592777,20.0200623425
122,25,63.6088268006,7.5606074877
123,32,58.4770977900,-81.3941705990
315,83,0.4242285404,4.7255921593
213,45,68.0246678951,-11.5618968336
307,75,4.7761108004,13.1330461238
318,89,498.6028490114,126.2182162340
201,36,13.6809933670,-4.0255297527
307,76,67.4615449097,-1.2900551386
114,15,0.0000000000,9.4230722950
222,58,46.8418608572,7.5146457651
315,86,5.2237189806,5.3566394132
122,28,47.8103008506,-5.5610720091
222,61,36.3129031251,4.6291530121
107,10,59.2211164627,-20.1161241865
102,5,17.0928377285,5.4965617524
218,56,385.6868004129,84.6005795576
302,73,23.2100927170,-33.4431986311
116,22,2.8249196819,-35.8755133472
222,63,63.3471938794,3.2213726000
222,60,53.3696732310,0.1510270219
201,35,16.2853122694,5.3754508722
322,91,64.1311989085,0.3960414101
122,30,38.9027823194,-1.5602916922
323,97,42.5461014136,4.1987064617
313,80,65.6203258885,7.1126316835
122,27,48.4252677521,-0.1112282436
207,42,42.2813230812,3.7681481402
213,47,108.9496620409,0.9650165687
315,84,7.9974876373,2.8252731163
118,23,488.2962130974,138.0708853926
215,52,6.4895205682,4.0227836153
216,55,90.6519398894,39.0034435747
101,2,21.7499688725,4.2197539942
201,37,26.1822569200,-12.2813097899
107,11,18.8985666935,6.7305446615
313,79,67.2699800297,-0.4801437358
322,96,46.0833911284,2.2301399417
321,90,488.8324444081,124.7893152230
215,54,85.7715210837,14.0255334614
223,65,48.5912328285,-17.8493666222
302,71,12.4242094577,1.8829849554
221,57,364.7345583968,53.2523823214
102,6,10.3983921211,2.0569072546
302,72,17.4261999341,1.2409035263
115,19,5.7073883866,2.7733802944
322,94,40.8899721865,5.5655079243
215,49,3.1054260027,1.3732956116
101,4,36.3015774638,6.8246550607
123,33,56.9451980796,-55.0641282303
101,1,16.8356215558,6.0165507963
315,87,69.0682608561,93.7039569956
315,82,4.6324211706,3.8006763577
314,81,0.0000000000,13.6362812880
323,99,150.9663299909,-3.8794730534
215,51,6.7792269261,3.5090844155
102,7,53.6666383989,7.9433456598
102,8,53.6666378853,-15.3163491512
322,93,63.9650341811,4.9746274124
123,31,68.1792217710,11.1193481975
214,48,0.0000000000,103.7538664746
115,16,3.2970547930,3.7165441324
307,77,24.1423628991,5.3783665690
313,78,21.1396752694,-27.7541963212
322,95,63.7423680223,8.3824765658
322,92,37.5317433047,-0.4659784653
201,34,15.1375539000,7.1299027628
115,21,52.6646226598,-10.3181068109
302,74,22.6402978114,-19.7451315107
215,53,4.4652191157,0.7172297975
315,85,4.1183127622,3.9749576989
215,50,5.2316241748,3.8960478090
222,62,38.7325805950,1.0067784019
316,88,17.9415848739,93.2338628227
--end of generation dispatch
