--generation dispatch
bus id,unit id,pg(MW),qg(MVar)
115,18,0.8634165714,4.6936393375
214,48,0.0000000000,18.8788597134
101,3,8.2817669035,-18.6833039402
307,75,68.9985436430,3.8921111546
115,21,72.5965409164,67.3326762983
313,80,111.9287858659,-25.7203782661
122,26,43.8205224617,7.2776369144
216,55,101.4340314356,59.9559453055
322,96,42.1649198390,2.2956883530
218,56,390.2717443897,72.4679322658
116,22,72.4696289129,-7.8054054226
222,60,41.5271875907,-2.6116859046
315,85,1.6944472329,2.7229537862
122,25,42.0279908406,4.7387698761
322,95,62.1200877514,4.0050730782
113,13,85.9574441284,-3.9970820998
222,63,50.6464045883,8.3649914878
123,33,260.8700907148,-2.6696176151
202,39,11.5215439925,-0.0490548923
122,27,57.0650106824,-4.5082609607
222,59,47.7951911899,-2.5814704903
302,72,18.7977870469,3.3941797230
102,6,20.5977417296,2.4858209369
302,73,12.9060806076,-12.9913836938
322,92,64.4677956511,7.0963903599
122,28,40.9355577586,-0.8417340172
202,40,51.8500061058,-37.1196616641
321,90,415.5452806099,37.8383314293
302,71,20.1006377494,-2.3502796831
101,2,19.2746751935,-2.1278710982
215,50,7.3162456292,4.7151957805
115,16,1.6904326238,1.7579967835
215,54,93.6770060282,69.8384808142
201,37,43.0967432345,-12.5859482254
323,97,103.5638682201,23.7707398637
213,46,33.5600497981,19.1765990676
323,99,140.3861144691,3.2968577078
315,86,1.5625693322,1.7547210264
307,76,15.7936907206,-20.1718811972
207,42,10.2181862116,7.0260093245
213,45,56.8809230162,6.6888155823
123,31,104.4404180790,-18.6338889677
202,41,41.8927835526,-9.6398557397
201,34,10.9805784183,7.2977796531
202,38,12.0276121984,1.6117289541
313,79,32.3354540235,-13.3943825607
101,4,47.3598267264,-18.9626289058
122,29,51.2771832796,4.2574105892
315,87,98.0013592501,90.1138012021
107,10,17.3272215059,11.4305177281
201,35,14.7014184197,7.0756822194
221,57,387.3024549676,70.9777270477
222,62,49.9810838296,3.4346854091
322,94,41.5699206634,1.9375224968
222,61,54.3657120985,9.0579652509
315,82,0.6856070980,4.8825152054
114,15,0.0000000000,-22.5196466129
215,51,1.9842776939,5.2406441939
102,8,49.8989457143,-22.0599107217
301,69,12.3424647604,-14.6898467917
107,9,38.1439602615,-20.1938165825
307,77,23.0094496168,31.3078474057
313,78,83.9540769051,6.8833107418
301,68,19.3190931272,-3.8712794965
301,67,12.9805411335,1.1906778304
215,49,4.3578284041,2.7603080625
318,89,317.2215586870,71.6565713382
322,93,49.5303613545,3.2038191000
115,17,5.5884431779,2.3516190781
315,84,3.4817789092,2.4603075643
113,14,118.8095372845,-22.0641494625
102,7,49.8989457220,-9.6567534658
102,5,13.9540762129,0.0579691106
115,19,2.9466225534,4.2338558351
322,91,47.8293475920,-0.6752756552
323,98,103.5638685573,13.1974130245
215,52,4.7287121194,2.3375021053
122,30,51.1870990616,2.3452995678
301,70,50.4697779452,-26.4104533206
121,24,332.1821342377,16.7598193943
207,44,52.7057301435,30.0188565582
115,20,4.1568269295,3.2994013742
118,23,288.3789860798,52.3148029825
207,43,8.4646132852,-0.2559629195
223,65,113.5678625422,9.8081493527
223,66,159.3441854107,-4.4399955332
316,88,103.3846613882,42.3157713327
213,47,111.1680755353,30.2005882738
107,11,20.1671805333,16.5188105357
302,74,21.1153894539,-14.0242723513
123,32,62.7301406956,-56.7456530275
315,83,4.3126629269,2.1886671974
113,12,17.7225231854,10.6292583564
314,81,0.0000000000,10.7230250297
215,53,0.1128260836,3.1785238195
201,36,20.7010008530,-17.1509783939
223,64,113.5678630242,11.7851490634
101,1,12.8306191740,-2.4720028599
222,58,46.9734714871,2.9506137336
--end of generation dispatch
