--generation dispatch
bus id,unit id,pg(MW),qg(MVar)
102,7,35.4731303046,-43.3961434165
223,65,66.0661798202,-33.5050455772
107,9,19.4695539447,-0.6709027721
322,94,58.0556456759,-2.8111204635
107,11,40.8346729598,22.6651655290
215,50,4.0940120068,3.0104462380
113,14,73.4880638547,-7.7776089828
202,38,19.1856124521,-0.4951322614
315,86,7.7913988018,4.4953520242
222,60,56.8092256260,5.4865851117
302,74,4.2422898943,-38.3269344597
313,78,66.5974477852,13.4601415985
222,61,46.4345027355,2.3410040648
323,99,163.5442783777,34.5626728689
215,51,6.9913254723,1.2534861927
122,25,41.9532384223,5.8457479114
215,52,4.0421310943,3.7176516680
101,3,35.8926406664,-37.1145878345
201,37,42.1423032911,-18.9369202350
202,39,17.0622327565,0.2044307352
315,87,72.4475159320,65.6097649844
207,42,46.1925104761,29.7315155957
215,54,110.5464495616,74.3457494780
102,5,18.9691702381,0.2149171731
301,68,18.3785029648,-0.5163532741
115,16,6.2896378015,3.2295915589
315,84,0.9795886066,3.4964761452
207,44,31.5136712196,-15.4112095031
323,98,77.9078793856,-4.1915752995
221,57,462.8575901621,71.2304591852
223,66,277.8328032675,-23.7425624684
302,71,15.5012791262,-0.8104663308
101,4,29.9189236208,-9.9403389634
107,10,64.0165342379,-20.5498077946
323,97,64.4496424299,8.9985610421
201,34,11.7039550163,-0.9070650502
223,64,75.5612992327,-46.4952666635
122,28,44.6014240210,4.0980436995
302,72,13.6426749520,-1.2552364003
214,48,0.0000000000,-81.6261277595
213,46,64.7975594291,13.5052657196
207,43,52.8654289467,6.3976275196
122,30,60.4923087789,0.1613650569
115,17,5.5482941982,5.1745075133
115,21,33.6952525105,30.4265775020
122,26,62.5321120687,-6.6570649238
322,95,55.6083442192,-2.6615629188
113,13,42.5941754275,16.1248069552
307,75,36.9271237566,0.9275733589
123,32,36.8219827084,-23.9109259638
202,40,5.3643593093,-6.9763094439
316,88,39.4420095873,70.6270768557
101,2,11.7149852974,-3.6959990986
307,76,10.8081838093,7.6458729022
301,69,52.2701198051,-30.2092798472
201,35,16.7895313170,3.8986415180
318,89,385.3438032003,126.6676616314
222,59,48.3043821610,-0.1737964274
314,81,0.0000000000,76.6589228506
115,19,2.4775053165,5.0204960262
213,47,42.8381305472,-4.3532957921
301,67,16.2855102049,-3.7717884218
201,36,16.0587660302,-25.8012941410
322,92,63.5005406211,-6.1396072915
215,53,5.6400934311,2.6690777161
101,1,20.4830927190,-2.2737553906
322,93,61.8862290136,2.6395086930
301,70,10.0810959054,-32.0131932249
118,23,351.0483783984,179.0183427778
216,55,41.3515381863,80.6822290344
113,12,115.9900137033,3.3756303312
115,18,4.6319396624,3.5229377768
307,77,35.7125199132,12.3674029276
322,91,62.0079270951,-13.7520147552
313,79,37.3377704581,8.4925310054
322,96,36.8037781692,1.4335153544
321,90,414.3369361901,131.1203203087
202,41,4.8610507078,-27.2029505120
222,62,47.7009393146,1.6506917973
313,80,25.1355856674,-9.2947759498
315,82,4.7937891613,4.0644475852
102,8,35.4731299749,-20.5001506543
121,24,386.2182708398,28.7680510523
102,6,19.6061951468,1.1872789719
315,83,7.0319142295,4.7146847834
115,20,2.0582781551,2.5920710634
315,85,1.1455416683,4.8487680603
114,15,0.0000000000,6.9462310272
123,31,100.2307387451,-16.5939332813
302,73,29.9599324437,-25.4473231427
123,33,101.9105638405,5.8772399910
222,58,60.6382424908,6.5236571185
122,27,41.5686839412,0.9329678549
218,56,474.6027193525,100.7554661844
215,49,1.3788853646,2.3531296686
222,63,50.9453623404,7.4740261010
116,22,72.9124558154,-35.7016322428
122,29,46.2856614322,-2.2354293238
213,45,132.5054520746,13.4773071650
--end of generation dispatch
