--generation dispatch
bus id,unit id,pg(MW),qg(MVar)
113,14,135.2739190389,-4.0524437952
215,52,4.1132482607,1.6949075185
322,91,56.2866869571,6.5183804446
102,7,32.7464706231,-28.5299514874
322,96,45.2775062646,0.4723112548
202,38,18.3031770412,2.6127193862
302,71,14.5985573999,2.9367094731
221,57,354.8587048444,34.3682169467
102,8,32.7464705724,-45.5587309336
202,39,14.1264730691,-1.6268016510
222,60,62.0143191356,-0.8676517626
213,46,124.7661626537,-4.7394680131
201,34,19.8084370269,-2.5075532796
315,82,3.4220686070,4.4119680617
322,94,39.6881978822,6.1933138448
322,93,44.6475395144,-0.3325762072
118,23,328.7914966007,35.5770201532
202,41,18.6322340094,-33.1428024020
122,29,59.9821148512,3.7061182971
215,49,0.1048594496,2.0609929228
215,53,0.4227890712,4.8393650079
223,65,63.6032940969,13.5180894067
101,2,16.5613775030,2.0962134132
313,79,59.7493160255,-21.0849785511
101,4,7.8670512326,-31.7254077845
301,67,14.1168674296,3.0953827875
113,12,39.9954571707,13.3735438600
223,64,22.2030367661,22.9938025686
222,62,38.6410559460,-2.6717131299
115,16,1.5583024005,2.4332297997
322,92,60.7419186647,6.7538041135
115,20,1.5517771080,4.1863374120
102,6,19.5815703627,-3.5073740804
123,33,74.8568901559,56.3752784003
214,48,0.0000000000,22.7581908026
301,70,49.6983226208,-30.8573567868
302,74,26.5674344828,-6.0938292861
101,3,47.6731470396,-11.5675756085
307,77,54.2013688024,-1.6540651564
122,25,59.1684596150,0.2006361041
115,19,5.9023200021,2.6361726436
307,75,18.8965842826,6.0079197142
301,68,12.1315848926,4.2409012014
222,59,49.8316552143,6.7212122051
315,87,58.5466135068,51.7680930482
218,56,281.8801623798,20.2725653584
307,76,71.3190638390,7.2061855308
318,89,430.5295217791,115.5869381239
215,51,0.8658119415,3.7364151324
321,90,418.2276583695,116.2693699034
323,98,32.2996619558,-1.4767258087
222,63,39.7535322120,-2.7556476358
302,72,16.5996834255,2.1578759482
121,24,355.9108829175,51.8680854623
322,95,58.3485342821,2.1461462973
115,17,2.4638626929,3.2443912615
313,78,15.4088629420,5.3695504955
101,1,17.5591496577,-1.0397361348
122,27,52.8088065891,6.9897701374
123,32,62.1137154383,-56.4390545382
107,9,43.8426398428,10.1184521558
113,13,102.5997563946,-21.9343412654
315,85,4.0555435130,2.7313526142
102,5,12.9617782830,3.6867293545
316,88,75.3795136587,31.6510629346
115,21,42.6350202276,51.6989018963
213,45,66.0124881149,25.7057161212
301,69,12.2997395924,-35.1367923995
315,84,1.6187545745,3.5173180908
323,99,78.1053540511,10.0040387400
216,55,115.0184099728,57.8677928526
222,58,43.4263246509,5.7401466246
207,42,5.7800634019,13.3682659114
122,26,52.4426896756,0.8569176366
213,47,139.9286686232,-1.2732764300
215,50,2.8251447368,0.8151693806
202,40,37.7609025921,-27.8841229371
302,73,19.9862050081,-37.3649503716
207,43,60.3867102496,-1.4723088825
114,15,0.0000000000,11.0962733808
107,10,32.1055678301,-2.8737819559
116,22,68.9280029824,-30.2930041910
122,28,52.6745452292,7.4479647729
107,11,47.5423200196,-3.8355298971
215,54,57.5438128125,22.0605087601
315,86,6.2007180587,4.2868799109
123,31,82.4827938358,-19.7094430994
222,61,63.3159110441,6.3153125460
314,81,0.0000000000,9.7492317381
201,36,35.4712014712,-14.8942465541
323,97,67.3810088534,22.4561658880
201,35,16.4709150436,0.8794012837
313,80,115.7028186427,16.2390467155
122,30,41.9416812879,-1.0616780383
315,83,1.5172441380,2.6299241808
115,18,1.4661734789,4.3850446438
207,44,28.1205702538,18.9903253860
223,66,227.9871077463,-23.3329799104
201,37,16.6474805338,-35.9681325883
--end of generation dispatch
