--generation dispatch
bus id,unit id,pg(MW),qg(MVar)
122,30,51.7474819603,-6.0412738646
121,24,468.6928937226,58.6962199753
201,35,20.7291903745,-2.4566818920
107,9,24.7425120941,1.2628462650
123,33,94.9541027183,65.2580020669
122,26,47.9586645495,-8.3642885820
222,63,45.4469640788,4.6740999346
318,89,389.0666024054,82.7526275601
218,56,365.9049499442,87.0782333015
114,15,0.0000000000,16.4685958562
214,48,0.0000000000,72.5802788570
122,29,36.0056591802,2.6869214781
222,62,38.2808570240,6.8553579346
213,45,77.8359694272,7.4114552849
215,51,3.3685694842,3.3775899384
101,2,15.9414864458,-1.2485003291
223,64,96.7449219529,12.9999918718
315,82,2.0036672942,4.0454524212
301,69,20.8540276601,-14.9898010892
322,91,43.0378638723,5.2094304001
207,44,30.6969681138,21.1484338135
102,8,57.9643916793,-30.4274071460
216,55,53.1547335449,69.3501723243
215,49,2.3060000777,3.5327657060
102,5,22.7022047273,4.3269031259
107,10,34.5662409544,28.5225138730
315,83,0.0569697623,4.4236317771
313,78,158.4147613551,-11.3914882626
301,70,22.1593692531,-33.1760715304
222,58,64.3330047911,4.2602307625
316,88,92.3516516279,74.6712095298
115,16,5.5862968419,2.3358597962
201,34,12.5287475747,1.6414070221
123,31,108.4632423149,-47.6009891945
322,96,57.7740875868,2.5949696175
321,90,418.0875430294,63.3719501629
113,13,37.8177300013,-2.5534863529
115,20,1.1295746227,2.6671165864
107,11,25.7361518543,-1.0337994062
323,98,32.1281799422,-24.7267049753
307,77,19.2682819930,2.4062498917
314,81,0.0000000000,13.6427431067
315,87,94.6668973596,72.5947957120
102,6,10.2293287261,3.0454297425
122,27,51.8284300366,-1.6321295049
307,75,65.9393244307,20.2314488232
322,93,58.6313979261,10.9197172259
223,65,74.0776228083,-1.6040577125
315,85,8.3834603580,2.7338117541
213,46,83.8926759233,-4.8447387186
323,97,32.1281836974,37.7423827405
115,17,1.8244509023,2.8984260140
215,54,97.6427885937,72.5135683105
101,4,50.5491840949,-31.7444458514
201,36,14.8264063760,-30.1690982008
201,37,14.8264062454,-17.3838000117
322,92,38.8572710197,-5.2257942158
323,99,179.6635445734,-14.0829380221
313,79,93.8065206455,17.9336903261
202,41,15.2597450308,-15.1168730752
315,84,3.5531676220,5.1237597913
222,59,49.0512694607,-0.6485608028
215,52,3.1783592536,4.0723414854
101,3,41.2717799561,-13.6882874521
301,67,14.5174641067,0.4207465451
315,86,1.2897264611,3.4309944492
123,32,90.9562145421,-5.8906943641
322,94,36.0914144109,3.6187627587
322,95,52.0308149726,-4.2489932810
122,28,36.1676126230,-8.8012245563
215,50,7.6018420025,4.4381775910
301,68,21.8250541005,-0.8619283214
221,57,479.2232915233,103.6289139838
302,71,17.7349391962,-0.6415075157
115,21,96.4769733307,-4.8011018253
223,66,114.7677612938,40.8812067720
302,74,27.1847638169,-27.7926107302
113,14,24.0080958429,6.4380249716
202,39,14.2774132231,-1.7293043756
213,47,95.8194551460,-5.0500824435
202,40,25.7824354601,-16.7430673305
302,72,14.6334154648,2.2759275396
102,7,57.9643949798,-6.7256915074
222,61,52.1953947728,-0.3394790243
215,53,3.0673561841,1.5242063452
207,42,53.2709623291,-1.8466532601
118,23,311.4455325549,153.2440344146
307,76,38.0722934892,-7.6510174291
207,43,9.2346344166,-2.2923114701
313,80,72.8784625523,-22.4421622287
122,25,41.1762833269,-2.6586658055
113,12,49.4079133674,11.2854474917
222,60,42.8792910746,3.7133510831
101,1,12.9228919222,1.2087693296
202,38,16.3209553683,2.9151110474
116,22,89.3014002397,-21.4577721048
302,73,23.6464186913,-7.4050073826
115,18,4.0943691956,2.6028573230
115,19,0.7062668349,2.7495970729
--end of generation dispatch
