--generation dispatch
bus id,unit id,pg(MW),qg(MVar)
201,34,19.1094536170,0.1813434632
322,92,58.7633785324,3.0010749400
313,78,47.3253899228,12.6692518666
115,21,62.1389698647,63.5777828661
215,49,5.4902857089,2.3245083401
322,96,42.0571398197,-1.2578627498
302,73,26.7937143843,-23.0004172272
122,30,53.2777367248,2.0145247869
301,68,17.3084843922,-2.8821812455
207,44,7.0650708558,-0.6533785553
121,24,356.6712563054,90.2982356374
201,35,17.4977593032,-0.4005318079
215,51,1.8312970388,2.0620828476
201,37,52.0808968308,-17.0431001769
101,4,42.4153447210,-34.0107531420
313,79,108.9519356842,6.2079008213
115,20,2.8959451628,2.0238763560
102,8,58.7797953140,-40.1658513729
122,29,58.4281747830,-2.5227750473
223,66,82.7533567696,22.6504677988
116,22,56.5344104421,11.6901090507
122,25,38.9687238279,2.1202591646
101,2,12.8830969023,-2.0511727361
218,56,427.8228120232,64.0594613616
222,59,46.0460145740,2.8386237595
302,71,11.4694228393,1.1249637993
201,36,40.6724003769,-21.3641985463
202,38,14.5338906692,3.8954207767
115,18,2.9416539555,1.8825550432
213,47,94.4204617044,18.9317080201
122,28,53.7530252728,-1.3274947659
113,14,68.6409709659,12.2141045937
115,17,0.2587156919,1.0626191632
315,86,0.0467438069,3.3449736770
114,15,0.0000000000,-43.4159313888
301,70,32.3385181645,-21.3321242192
102,7,59.4207181784,-17.2140393175
207,42,31.4127279910,18.5652624378
202,40,9.4581755917,-28.9619470567
123,33,193.8673820605,-18.3422886200
323,98,89.6217860920,21.6868197953
302,72,12.8751699476,0.8522110983
315,83,2.9707474671,4.8837134634
322,94,63.2600157659,4.4235451040
222,62,47.7011848373,-3.6445648289
315,87,73.9995867037,53.9679393008
223,64,73.1516418078,-21.3309717111
102,5,20.7805627738,3.9335123920
101,3,42.4153663217,-31.8685015970
115,19,5.0178735021,3.3615870682
313,80,8.5046357048,0.2077750897
115,16,0.1152612324,3.0367806246
222,61,36.7976828168,8.6391406121
223,65,73.1515597253,-47.1733666669
322,91,49.7107490639,4.5838821004
118,23,324.3803649344,50.7123369180
113,12,44.3618019025,8.1101068404
107,10,29.6127581377,14.8207036155
221,57,413.7561700775,42.7197597485
222,58,36.8989698465,0.6855511224
301,67,9.5706735350,-2.0666338104
215,52,5.4488490300,3.9517889393
315,84,3.6907202262,2.5274996417
107,11,35.0716485248,2.0833358723
123,31,41.9995826735,-19.7378663045
307,77,30.8273584296,13.1652264151
321,90,456.1572510310,87.7899275777
322,95,43.0194007720,6.7372790483
213,46,61.8134411990,26.5620463244
215,54,53.3849419010,15.7491159629
315,82,2.6901080321,3.3805288660
307,75,33.0912837351,-8.6917673486
102,6,16.3090268546,3.6609246553
222,60,47.4883126180,5.5093809917
215,50,4.8666305380,2.0339637378
122,26,55.3726149788,7.8870221320
322,93,37.2226341253,-2.7728609098
323,99,113.9653086729,41.7793824951
122,27,50.8493687231,7.6475035013
301,69,19.7185379893,-32.0401791713
107,9,54.5728124265,-16.8930988457
123,32,41.9996030112,-37.6243572467
216,55,58.2912515180,24.9209086824
215,53,0.6482618870,2.4465769035
318,89,442.1214584574,67.8130649713
213,45,113.4607333552,-34.7319416901
302,74,23.1312341122,-27.3379591903
113,13,76.9324781190,7.1688843498
316,88,79.1190251886,66.2203582772
222,63,57.3641390928,-1.9192277815
202,39,18.0374686289,-3.1677606462
214,48,0.0000000000,53.7441980814
314,81,0.0000000000,24.6103131437
202,41,29.9218650190,-13.3715599333
101,1,13.9056375136,2.6485712232
207,43,10.3781167254,-4.8136672759
307,76,24.9020672560,4.3351743156
323,97,89.6219846722,-54.5757584398
315,85,5.0343566648,5.1320460998
--end of generation dispatch
