--generation dispatch
bus id,unit id,pg(MW),qg(MVar)
222,62,59.4465708657,8.1790405115
213,45,93.5006713005,31.2080676215
123,33,227.3141061217,23.1015372790
316,88,27.2247415005,67.8463482371
214,48,0.0000000000,96.4391204270
323,99,216.6316989185,26.5393539610
101,3,69.1547571151,7.9108657013
302,71,12.5851946282,-0.0942387764
202,40,48.8385041664,-28.6872048123
201,36,6.0777783957,9.5629971448
102,8,77.1140119756,-15.2614205983
307,77,71.6199755120,6.5673652900
213,46,88.1397217535,-16.2841750440
115,19,4.0466630164,3.5930296022
118,23,477.3115774601,1.3288089674
318,89,363.7267459124,77.1830286679
301,68,20.3098642580,-2.8292067612
113,12,62.1906811339,60.0731047204
315,83,3.1275604894,2.9432104229
313,80,92.9736286388,33.1456751373
223,65,94.8422214111,-11.1529471028
314,81,0.0000000000,-3.9475306983
302,72,14.7466097483,1.5393329915
207,43,36.6904958058,35.6178105931
123,32,78.2107662875,-57.1443161448
302,73,36.4701070916,-3.8762753688
122,30,56.6169543420,1.2940196840
315,87,83.2246227875,80.8346605092
323,97,33.2164141834,-16.6317832159
122,29,62.9414025782,2.0720812890
102,5,10.3150596375,7.0830555470
201,34,15.0030299532,2.9341256964
215,50,5.9950629303,3.7889952984
115,20,3.9493253029,2.6912382033
113,13,70.4343159648,20.3846977804
322,91,46.9796083164,6.0685323438
322,93,39.6100595774,3.3996100828
202,41,20.2555869943,-20.0263283390
221,57,282.8579003550,34.5036133836
207,42,31.6065100697,-0.8273217877
223,66,112.7630705102,14.1925352536
222,59,38.9506480185,-0.4383617031
215,51,3.8854544406,2.2729157424
218,56,229.4768926641,-51.5037135103
307,76,42.0566783904,-13.5923741348
215,49,3.9890347049,3.7328644923
121,24,346.2814696653,139.2919791935
102,7,78.2896510997,-9.7524048771
114,15,0.0000000000,-92.5636562337
115,16,5.8195337922,3.1992697417
223,64,22.1956768124,29.6764727170
222,61,51.7049192841,-0.5883751878
313,79,20.0913324166,-26.9224504344
201,35,13.8110075039,3.3470024480
202,39,11.9320293327,3.7705351112
215,53,4.8447879661,0.9344893199
107,9,15.0200356881,20.3501559542
202,38,16.3723248921,4.3900767091
222,58,51.1151076754,4.3293839311
322,96,56.7175632058,3.7653927018
107,11,44.2183109559,-1.5683554872
307,75,2.7375592361,18.4472832111
101,2,22.1862214420,3.3777286295
322,92,58.6827596993,1.9959462689
101,4,69.1547584680,4.6734907083
322,95,61.9654327370,-1.7670135700
301,67,13.5159008183,-0.6242068506
123,31,110.4872205070,-62.0586559994
222,63,47.3226404487,6.2093939489
115,18,0.9275712753,5.2994399106
201,37,0.2711602907,-6.1979405039
115,21,82.8899972340,43.2333303350
323,98,45.0330293649,-26.0690808970
301,70,22.0124305588,-29.9274317461
322,94,57.2340818885,8.5163708275
122,28,58.3486865502,-0.2517528777
113,14,153.2003169525,35.2482900064
115,17,2.1091108305,2.6116973870
122,26,48.3541534464,5.7431601657
102,6,20.6734374768,5.6575064299
107,10,12.3384401729,-9.3488012731
101,1,18.2953862229,3.6554907503
215,54,97.8724452158,-8.7542817086
222,60,60.3057810891,-1.5427378388
301,69,33.3129242691,-0.5220536683
315,85,6.0736969633,4.5272966213
321,90,347.7128654383,47.4817894726
215,52,4.3019493974,1.2713439369
122,25,37.4749909080,3.7277306874
302,74,69.7242498157,-27.4455776619
116,22,2.1857726995,7.1754837031
313,78,38.0166701988,2.6726431456
122,27,48.0910441088,5.3758414548
315,84,5.3374693920,2.9312466652
216,55,49.8240434480,24.4065773095
315,86,1.7766295520,6.3873322289
315,82,8.8359472708,2.8452414498
207,44,23.8090290758,2.8190279662
213,47,50.5122459004,22.8694089544
--end of generation dispatch
