--generation dispatch
bus id,unit id,pg(MW),qg(MVar)
215,53,0.0431287893,4.9999561133
116,22,71.6008871218,0.0082613502
207,44,41.6150142311,9.0552452948
122,30,44.6019609711,-3.1260650755
113,13,61.6231643181,14.5802091823
101,2,13.1855740967,3.2980467304
115,20,1.4027590847,1.7658371403
222,59,52.7152624660,2.5198859433
102,8,46.1493565898,-28.7916288301
301,67,14.4929449136,-1.7064817414
302,74,21.7985275506,-3.6119201801
307,75,26.2955698115,0.0534956071
315,84,0.5945890024,5.2360421314
322,91,46.6960440481,3.5749472460
207,42,25.6844684551,-12.5404338858
115,16,0.7264470426,5.1196244812
215,54,46.5473839059,59.4707542102
215,50,3.3521228143,2.9037970903
322,95,61.5716073334,-3.1197491097
301,69,18.3526994791,-25.2257599646
302,73,47.7311634830,-10.1657231369
122,26,44.3965587319,4.7237756355
121,24,347.1321797302,61.7464625836
122,27,37.8231153750,4.1996049336
222,61,55.5822837496,1.7041550545
123,33,164.0536235289,14.7318463665
107,10,21.8691360916,2.3100770357
102,7,28.4232469282,-22.4288521617
101,1,9.6834620022,-4.0673947604
315,86,1.4390557279,2.1582318518
223,64,112.6468633587,21.9187592523
118,23,349.3997723117,108.9837332570
316,88,24.4006450142,69.3083897886
115,17,3.9268063900,3.2823860987
313,78,142.7766196093,-6.6873896641
302,71,17.6573235679,0.8898777946
201,37,51.8031928032,-31.5617866034
313,80,125.2908991430,-7.1236701245
213,47,102.2587886472,0.8464361070
222,60,52.1282734772,0.6192403920
215,49,5.9936957497,4.0733081893
301,68,19.6306791027,-4.5555419371
315,87,73.2887635003,73.2608840957
323,98,42.4457085003,5.3165724637
323,97,67.6747630815,-9.9647966292
122,28,35.4778542645,-4.9277078478
222,62,40.2605652742,3.5270045769
307,76,59.1005785316,8.7594114516
218,56,462.9684530653,78.3953457281
122,25,45.8704772611,-1.9229118910
201,34,15.0389367099,-0.3341216560
302,72,20.5199913638,-0.0806996586
216,55,43.2626676584,54.9694604835
107,9,25.8475201647,14.0444389057
102,5,11.9487898206,-1.2841836361
115,21,57.7391659307,29.5285449424
322,92,59.8327431872,0.7315071530
202,41,36.3339579873,-29.7944453429
222,63,44.6981422141,4.7410018540
313,79,14.2964519169,5.7945015555
221,57,429.9017527653,76.9459720797
222,58,47.9147441875,3.0606619240
123,31,109.4759624269,16.7683927449
207,43,19.4396347518,17.9706582591
322,96,46.5377398345,6.2980795145
115,19,4.5165909475,3.2262181847
201,35,12.0826810958,-0.9585494679
214,48,0.0000000000,4.5142514046
307,77,18.8001137704,1.7298444486
114,15,0.0000000000,-23.0511710854
322,94,58.5404231234,8.1528881320
318,89,438.8343349674,96.8933751686
102,6,13.9023936478,4.1353599854
223,65,35.9680557992,1.1195409640
315,83,4.6652751227,5.2471597040
223,66,133.0906500644,10.4754576065
202,40,41.0958908298,-33.7874308587
115,18,3.5753317930,5.3126088019
113,12,51.9044790021,-16.2528241852
314,81,0.0000000000,-32.8452737889
301,70,3.3401030820,-23.0770982307
215,51,4.0989084807,5.3094464257
101,4,33.2890795216,-32.4999863291
323,99,228.2128037061,-23.6830856403
107,11,26.5822183480,6.7789869083
202,38,13.6071312280,4.7748861925
321,90,329.0827334888,32.6472632206
213,46,45.7270257072,22.6023259673
315,82,2.3772509035,2.9624108388
113,14,123.3469030662,-11.3402525396
213,45,58.6248222607,13.7906320212
202,39,11.0597468475,1.3533082846
122,29,43.9285039549,3.3640187392
315,85,1.8689745701,2.3356755507
322,93,48.3135593168,5.2189426211
101,3,28.8501825583,-26.2761734638
201,36,9.3502370792,-11.7883634942
215,52,2.8630381101,4.5570025223
123,32,95.2258290572,-47.9395772279
--end of generation dispatch
