--generation dispatch
bus id,unit id,pg(MW),qg(MVar)
322,94,42.1733543521,6.9042489370
221,57,511.5104440817,81.1862908877
222,59,39.4335108819,5.1765760188
102,8,57.0739052272,-17.5570019876
115,19,8.6432622027,4.3850060868
122,25,47.1469830289,-1.5583376518
122,30,45.3915406028,-6.6660993462
122,29,56.0992445084,-17.8235410100
213,47,17.3656403676,29.6093781700
322,91,36.8981762871,3.5814118605
301,68,13.2981586932,-2.0555987504
122,28,54.0282848184,-2.4705256798
307,76,62.2412005907,-16.1230779708
315,85,4.8285796655,5.2097603218
123,31,48.9952844530,-58.8484313912
202,38,10.5747174515,7.1260244396
315,82,1.4589816804,5.5606882100
315,84,4.7637557680,2.3400637581
223,64,45.0891998283,-9.4973897247
215,53,2.9948563099,4.5174711546
301,67,15.4837259670,1.6836858906
215,49,5.3268324350,5.0327971836
101,1,15.3141197396,4.7359513041
202,39,17.6843288114,-1.2608350763
102,5,15.4271230207,6.3201531211
215,50,0.3920204385,3.3664437488
323,97,94.9613580507,15.1479453763
222,61,55.0202427070,3.0144354143
313,78,53.2823131515,12.5963302279
313,80,59.9059351015,-10.4283467183
302,73,54.1931235268,-16.4268412320
202,40,14.6847610321,-16.3996076860
302,74,7.8209054859,-8.0566086862
322,95,55.8527492976,2.9009866884
118,23,330.7264707088,102.8692439504
315,86,1.6731720371,4.4807449198
223,65,91.3273185409,10.4085283561
215,54,51.4334441424,69.6231148221
201,37,27.8874251810,-30.6131186360
216,55,57.3538811905,74.8060837203
301,70,10.7710423784,-34.7577904782
107,11,2.0222809436,26.8659320210
116,22,56.9793980123,8.8713009538
121,24,471.5439128349,142.0940175073
113,13,48.9824536303,-28.3666602815
215,51,5.5546174369,2.2047219158
322,96,40.8508606034,0.8337778625
101,3,62.8489265874,8.2324851092
122,26,55.8205657788,-6.9851582571
102,6,18.7326847704,2.1919772429
123,32,52.5086612080,-13.7346642500
107,9,13.0704443764,-27.8828603369
207,42,23.7592374128,9.5777239612
115,18,6.2095543161,4.5686851025
301,69,2.3616037046,-34.9603894224
314,81,0.0000000000,14.3078002805
323,98,40.9835176171,36.2149496610
222,60,48.3153023627,5.9465962940
202,41,9.5446121575,-16.5460919107
318,89,512.5014605228,84.4997266670
114,15,0.0000000000,12.0177662057
223,66,133.3177264604,38.1682013270
115,21,33.9695485438,-3.8086307841
302,71,16.8724764840,-2.9451254278
122,27,39.6675655185,-10.9456419123
207,44,57.4314521674,8.6384352865
115,17,1.8382600426,2.3646507313
201,34,13.6636142619,1.7513332429
322,93,52.0493652846,2.1507328116
215,52,1.0839200475,3.1883059101
302,72,18.0971585352,1.9475395781
313,79,130.6926530206,2.7923227909
321,90,383.5950570784,79.9890571634
107,10,12.0090574238,-2.3142714512
214,48,0.0000000000,90.6309405125
207,43,27.5484228660,-4.7927901533
222,58,44.1136040805,6.2476342895
115,20,2.6639537035,2.9299577901
315,83,2.9776266258,4.8134546282
322,92,54.2298577225,-5.9527540063
113,14,119.7383494837,-12.6544255823
213,45,25.0377825956,-11.1466266867
115,16,3.5431166721,3.0667167560
218,56,459.6966958639,116.8207998752
315,87,51.9151540131,81.2430460856
101,2,19.2892885771,8.7833974402
222,62,41.2532050173,-3.3894858021
323,99,206.7824032873,-53.7988651564
201,35,13.0765652905,0.8291726250
113,12,15.8276260766,17.2432953650
222,63,45.7022785266,0.5622465706
101,4,62.8489266986,-0.5756937259
307,75,26.6392372423,20.0141369649
307,77,32.6221750143,-0.3732397290
102,7,91.5939739150,-22.6874844410
201,36,36.7451650416,-35.9482211403
123,33,77.7780168526,-14.7264072370
213,46,54.7843720194,17.1027028992
316,88,30.4542341753,59.3452739769
--end of generation dispatch
