--generation dispatch
bus id,unit id,pg(MW),qg(MVar)
215,54,90.6026888395,59.8163219012
307,75,1.4446140085,21.4263095818
201,37,41.3651793719,-12.5939385300
322,94,59.0589992361,11.4107414942
107,11,17.2700493912,-1.2225107902
101,2,19.4339150028,-0.1158073805
122,25,36.9424947476,1.4113468687
222,59,62.8135532358,7.7130190250
202,38,19.3431913871,2.4387903685
115,20,0.1430944277,3.8713996816
223,66,128.6506067619,11.4290707935
107,10,25.2925857146,-2.4025663588
301,67,15.7529091352,0.8608164384
101,4,36.8627003864,-11.9195256734
113,13,33.1127915029,16.4803915501
115,21,106.9728647501,53.0549769477
223,65,97.3711399778,-16.6980702515
214,48,0.0000000000,-31.8232300122
114,15,0.0000000000,24.4339189871
216,55,92.1889140935,75.8368818828
101,3,36.8627005517,-34.5737970255
116,22,113.8030557773,-20.5905656016
201,36,11.3375990227,-33.5972818535
318,89,315.1554558771,59.9263946702
102,8,44.9894312312,-23.4987202966
207,43,0.4377270281,-10.7458435912
321,90,281.7639709982,43.0383635403
222,60,52.2567299924,4.0885040972
322,95,50.7112529416,2.9282374081
123,31,105.6448541055,-2.3992057878
215,51,4.6410043410,5.1807684548
122,28,46.2785506792,2.7722633324
322,93,38.1142877656,-0.4343274665
313,80,67.4733859205,1.5661070166
314,81,0.0000000000,32.5698298136
202,40,10.9007532746,-19.0937653984
107,9,54.6775695974,2.5854317693
307,77,49.6089159410,-13.7323572931
115,17,4.0160311264,1.2658925855
122,26,56.1085745514,0.6036187576
315,85,3.4115506134,2.2547056527
215,49,3.0121943235,3.1618233261
307,76,42.5138013604,21.4287773404
315,82,3.9871929970,3.1950113729
222,61,60.0324470255,3.8096446595
323,99,147.2328092747,61.4816034261
322,96,51.2502829156,0.4448394306
102,6,18.4659442827,-0.5914756195
122,27,60.7429307148,2.4181706615
322,92,46.9659648634,0.0009555480
302,72,18.1166947587,1.4998890230
123,32,91.0245902825,20.9843365646
213,45,83.2597548190,17.4748711653
222,58,63.8124306228,1.6849174217
315,83,7.5313118371,2.2744270549
215,53,7.3897960745,5.4839273974
213,46,95.6869846397,36.5023598390
122,30,41.3832351713,-3.3918062159
218,56,406.4607204281,64.9580563855
323,98,107.1767984683,-24.2794951546
201,34,13.0692938276,2.1217983855
313,79,85.4068345742,0.9533816692
115,19,1.9501986424,3.3805097306
102,5,12.1512849721,1.7033986233
301,69,15.2685414981,-32.2332607152
123,33,116.6235458322,-27.1650470967
115,18,3.9085368231,4.6699979024
207,42,20.3728828151,6.2550087111
113,12,147.8974866379,43.9805892244
202,41,20.7646987742,-12.6753597923
313,78,53.1790946758,-24.2829848744
122,29,48.8642500419,7.4084938305
101,1,19.2233687591,-4.8046771672
215,52,6.2681338016,2.1928408208
222,62,46.4071416676,7.0938437365
322,91,37.8463243911,-2.4490537585
323,97,111.8462795260,7.3617959119
316,88,107.2789246389,50.0723799873
113,14,17.3215643314,-32.7850801853
121,24,304.7208338390,96.4771971797
301,70,15.2685583231,-3.4654191164
221,57,323.5209475615,47.6383836906
301,68,14.5654023514,-3.9212775417
223,64,97.3711426510,-59.4579801952
118,23,397.4947861927,55.7968173343
207,44,46.9318525584,7.7975873637
202,39,12.5762362989,0.2864492424
222,63,46.8581235835,0.0523657314
302,73,15.9759423074,-42.4233199987
115,16,2.2367208327,2.5321226097
215,50,2.8597483900,3.6789569273
315,87,103.9894552057,55.8889557317
201,35,17.1907782339,0.6010235558
315,84,7.4656651066,4.1795552011
315,86,5.0212513539,3.1716136032
102,7,44.9894308911,-24.9355752639
302,71,19.4282326306,-1.9289094194
302,74,15.9759432960,-22.6303646303
213,47,80.9387603993,-30.3754763589
--end of generation dispatch
