--generation dispatch
bus id,unit id,pg(MW),qg(MVar)
322,91,48.7592620789,5.4324172965
202,39,13.9753382568,0.4717805449
107,9,17.6043497247,1.7785339121
313,80,121.7098564284,28.7749272903
222,63,60.6900314044,3.3343538412
323,98,79.0056240407,-14.9145296130
215,52,6.3661665450,5.5745695599
222,60,50.3944534818,-0.9353202285
115,21,34.6458017034,48.9256149988
323,97,79.0056052035,-34.6492665429
215,50,7.8960287502,5.8769206358
301,67,15.3316026693,0.9925115259
302,74,35.0574826606,-35.3244241054
315,87,77.6827960148,80.5631188360
302,71,17.7521661842,1.1177364403
223,64,79.5872325997,-4.0693030626
215,54,61.1718254390,96.2566476814
113,14,93.3258155601,0.0037521663
101,1,14.7087578748,-3.1921197607
315,86,1.4226834385,3.0302151286
322,96,58.7236006411,6.4963928952
218,56,309.4200691473,70.1162400312
121,24,389.0077496736,135.8847531462
101,4,43.4973447514,-32.2410422032
107,10,1.2700925476,4.5554254440
101,2,18.5650941687,1.2118262846
215,51,5.6017512858,4.8890940564
207,42,5.9840318887,2.0013627323
222,58,61.4535718842,1.0650755416
301,70,45.7110016301,-13.7698209273
313,79,19.2594181253,5.6577732075
102,8,51.0533735294,-25.2381496138
222,59,41.0053555958,6.6060537064
102,7,51.0533693494,-31.1159800454
322,92,42.7032437400,-2.0756861937
322,95,46.7684310991,1.0189768711
201,36,66.1531824257,-19.5456925439
315,85,5.4403899075,2.4525833080
114,15,0.0000000000,-38.0586093050
122,25,43.1530702933,2.8761007056
314,81,0.0000000000,-39.3965087721
223,66,232.2456516195,42.7031089682
307,75,63.3487930964,-0.8143596667
122,26,60.5206317367,-0.0895694300
216,55,68.0529410084,58.8250582959
201,37,35.9328216831,-24.7111357730
315,83,3.7243667447,5.5823561764
321,90,371.7323926549,29.3747750263
315,82,3.8293230509,4.0071260741
202,40,16.2446365639,-5.0677769996
115,19,2.9737304433,3.5895348140
301,69,19.3836230090,-27.4857069622
202,38,21.0373581381,-1.7521393764
315,84,5.7716405835,3.0534991661
322,94,51.5337940972,6.2155061987
307,76,34.7625396401,2.4051910383
316,88,77.4577302807,39.1243073814
201,35,17.7735979273,-2.0682565778
107,11,13.7056292291,13.6926762791
222,62,53.5201820673,5.4337203491
116,22,80.6721941722,-21.0737217886
207,44,25.0528462022,32.1195873141
115,17,1.6527652942,4.2856153840
122,27,43.5743716521,6.1229767651
113,12,57.3188680980,23.8511092174
222,61,56.5718424982,7.5680349162
122,29,45.9976663679,7.2698681678
123,31,71.0183127473,11.5321765048
115,18,4.9905597232,2.8420271600
323,99,140.5560596404,34.7788451858
102,6,12.8156443499,3.6129407837
213,46,47.4349272774,37.7223502676
214,48,0.0000000000,14.1100928316
215,53,5.9928957694,4.3949257981
115,20,2.2537686402,1.8844923758
122,28,63.0581033888,7.1616270795
118,23,440.0580503456,108.6882631840
221,57,503.4593278041,53.6894164069
115,16,6.6407238220,2.7428377610
302,72,18.0507704510,2.0563652349
102,5,14.3541981265,-0.3259151104
318,89,342.4294368616,61.5110194388
122,30,59.8793045110,2.7823329689
207,43,26.0331773205,2.9166317582
215,49,1.9822347651,3.6853378432
313,78,40.6067238467,-6.4256359736
101,3,43.4973448548,-8.3958254144
123,33,65.8083303724,-35.5999553462
223,65,79.5872349948,-15.4919763922
202,41,27.1970088807,-20.4270407853
213,45,94.3927999842,3.7566804381
213,47,76.4387710415,-0.3093386378
302,73,11.7977600198,-35.0610907287
113,13,46.7020067421,3.9625457943
201,34,13.0543571694,0.4810213370
301,68,14.7202728964,-0.1329035874
307,77,43.0671180331,2.6169449227
123,32,122.7593645283,-14.5420929408
322,93,55.8282037656,-0.7400795422
--end of generation dispatch
