--generation dispatch
bus id,unit id,pg(MW),qg(MVar)
101,2,21.2740588163,0.2768880311
222,62,40.4912079484,7.4462740856
215,54,66.1904045964,-33.2575149416
215,49,0.5678709413,2.3614427421
223,66,268.5952196116,36.0229964477
115,17,6.2721740048,2.1667528316
122,26,59.3311362647,5.3811744763
301,67,10.7440471191,-3.9442875818
207,42,16.1603063235,1.1223917936
201,34,14.8980470396,4.4336712789
316,88,25.5429376249,69.4528102724
102,8,34.6808999191,-10.2416159129
222,63,61.2660538368,5.0180040096
101,3,14.9320270773,-19.3688567297
315,82,0.9159916403,6.0432209655
122,27,54.5020704603,3.4955094542
315,86,4.7873635684,5.1694037702
101,1,12.9734322356,0.7634582485
116,22,28.2541117648,-13.1086236612
315,87,107.0727783690,56.4304074511
322,92,48.4030102655,-0.8121925597
301,69,50.1991966166,-15.0650881602
307,75,2.4717762842,17.0006382524
107,10,9.5336656546,-8.2905194798
302,73,40.1978819211,-32.7415485059
123,31,89.4542465236,-10.9878711839
215,53,2.9300650295,1.9949343403
202,41,50.8431079206,-35.0267825818
202,39,12.3057438402,5.5421238418
223,65,95.3500164207,-57.5508237239
207,43,20.4531193459,34.0736000681
113,13,64.2554252264,9.1366761936
213,45,121.3906552272,25.9791735489
323,97,38.6585291310,-45.4761320006
301,70,33.9220414403,-46.7679675076
122,29,55.6027961572,9.9916787452
122,30,39.9322450350,3.1310238234
102,5,11.1928200487,7.1373485788
202,38,18.9465869387,5.1212119406
115,19,4.3748686851,2.3700475428
318,89,348.6963917523,55.5650831153
313,79,63.8053202021,6.4507146655
314,81,0.0000000000,16.3607467938
223,64,74.8212013456,-10.6914501131
313,80,162.8819688043,9.2788760544
102,7,56.7464793055,-20.5268856092
123,33,109.4399596088,47.0008400582
322,94,64.4015543461,7.8550705966
102,6,20.7173498909,1.7236016741
201,37,37.3126042186,-16.8882836438
202,40,15.4726927917,-39.9253414810
321,90,332.4983452128,56.1017436572
322,93,35.4931211863,2.2528217056
215,51,2.2588487149,3.8356477111
107,11,5.5143332639,-5.6897908544
201,35,17.9120633483,5.3884955664
315,83,1.7216793489,3.3646576280
315,85,2.4726459143,3.8186072770
313,78,65.5006131928,1.2166672530
301,68,13.4166445929,-0.3566034448
114,15,0.0000000000,-23.0681813137
222,58,48.1071949224,6.1270500353
222,60,43.1743662557,0.7516210144
323,98,76.5378398543,3.2531239059
122,28,40.7088679125,10.3444824995
323,99,148.4836707181,30.4399348614
221,57,263.0721061883,25.7318171329
115,21,48.6287116718,-0.6322853276
315,84,3.2349749685,5.3227219922
302,71,21.6356832113,1.5310206784
215,50,3.0342715033,3.2620973671
107,9,49.9354940867,-0.4001011409
122,25,58.4153373822,5.5500215410
113,12,31.6197829950,-1.7242397372
216,55,33.0884018727,23.7919691978
218,56,282.7898655030,52.7033195305
302,72,19.5792370013,-4.8545495315
115,16,2.3322194324,2.7495731438
302,74,25.6488499453,-32.8296749740
322,95,61.2394365594,1.1161144361
201,36,25.9053492701,-17.1926871346
222,59,37.1815172080,-5.7458407109
222,61,63.7839891794,3.4438430461
123,32,89.8300721725,-32.5092187611
307,77,71.8797037511,-6.4266863790
121,24,487.9456607319,136.2784557288
213,47,59.2945376792,9.7235262045
115,18,0.0558220283,3.5995571150
322,96,48.0408268185,2.9514793008
207,44,36.8433227455,-8.8855741306
214,48,0.0000000000,36.1679065029
322,91,38.6462006900,-0.6313452336
307,76,1.4095188277,15.5939972986
213,46,71.3210931452,-0.1608545892
101,4,34.4940423531,2.6794769761
118,23,301.6108270810,72.3682616720
215,52,2.2606857931,1.3630291874
115,20,3.2414399028,2.4116709741
113,14,95.4859845381,28.0853862957
--end of generation dispatch
