--generation dispatch
bus id,unit id,pg(MW),qg(MVar)
223,64,98.6598009199,-43.0398710807
222,58,51.6236994229,5.4648598693
123,33,268.1351280720,-69.1344125759
107,11,34.3624021811,4.6690469188
302,72,12.1980265801,-2.0138071702
322,96,44.2253805208,2.0103954335
115,20,8.8145781473,3.6153933213
113,13,142.2452104728,19.9058342519
221,57,375.6952562194,88.0265200277
302,74,19.0736929840,-39.1585992784
201,37,40.9752899321,-39.0113047533
314,81,0.0000000000,38.0085298233
115,17,3.7651564379,3.2332324774
318,89,296.5139462810,55.9820553482
102,5,13.4261169701,-1.0587503211
202,41,25.4776986085,-14.7670586528
315,87,130.9433343384,77.9677358686
101,1,19.0525291328,3.6128393394
222,61,61.4584737038,1.2599568391
301,68,18.2178597953,1.8866205713
115,16,2.8498641133,2.9019122143
213,45,6.7925640810,18.7437564132
315,82,0.6558091598,4.0190432294
222,63,60.2735114377,4.0435125709
115,21,39.8939197507,23.8698754013
323,98,120.5115778852,31.3693111916
207,44,49.2460052902,16.2409059523
116,22,60.1519350404,-4.8663746547
322,92,60.5401596427,6.0987697733
215,51,4.4062762948,3.5249413257
215,52,3.4788421742,1.5661675693
122,26,42.9713221127,0.9344382898
215,53,5.9753633211,5.3055229319
223,65,98.6598011249,19.8430728325
216,55,94.0581910030,51.5970725242
102,6,17.4177616173,1.6349416819
101,2,20.1868026336,8.4264518503
322,94,38.9705173951,2.1967224355
323,97,146.1881932736,13.9194541324
215,50,2.2756290441,1.7877029545
101,3,46.8083961159,-17.0871200703
115,19,1.4682213824,2.5409180133
313,79,84.6063846126,-41.8321457631
122,28,40.4562975745,-1.9195432076
301,70,18.7913303229,-11.3865070084
123,32,95.0551614060,-34.6380460894
222,62,37.6725670602,7.4809965235
201,34,11.5345705488,-3.6076295285
313,78,44.6275346445,3.8589642572
302,73,19.8666572225,-28.2712692684
313,80,18.6178177450,12.0270145702
307,75,52.0388588286,-8.9463936069
202,40,31.6521743917,-29.1349616366
218,56,416.9793746445,98.9965993601
214,48,0.0000000000,76.6856085289
213,46,103.4115568832,-10.5534896093
215,49,0.2762641757,1.3604444183
107,9,19.3671367166,-16.8804321151
301,67,12.5794826306,-1.7576561972
118,23,304.3878604669,67.7283039722
315,84,0.2379496688,4.1985205060
315,85,3.7952141704,2.5315413086
121,24,465.7778693187,139.2708060081
201,35,17.0423461907,-2.7742814947
202,39,16.5856014756,3.2771256029
301,69,18.7913303372,-34.0774466255
201,36,26.3958208472,-13.7634123639
101,4,46.8083960911,-30.0281002712
122,27,44.2075572908,0.3459564140
322,95,40.1901555108,-3.7227897581
207,43,7.5103938975,-23.8996004706
302,71,14.8114289884,-0.2710452734
213,47,59.3723484120,31.5671546990
113,12,8.8987857756,-35.3013608232
322,91,52.2470460762,2.4605235315
123,31,60.7332517487,-13.4182632609
315,83,1.4501601811,3.3855173944
323,99,221.1613426908,1.6253408518
316,88,136.7351432111,75.7919317873
207,42,45.8233963128,22.9105188384
122,30,39.6626903349,4.6720656800
307,77,13.4907970380,6.0326684106
107,10,44.1737978393,-1.4918707126
322,93,42.8436753317,2.4753400369
115,18,2.1338917414,4.1120688509
315,86,7.3540791766,1.6102264650
215,54,110.5326104121,68.4864261088
222,60,61.4295158488,-1.1756006602
113,14,100.1416791650,-1.8221914003
321,90,458.1435706105,77.6387242680
102,7,57.1835572930,-6.1910733738
223,66,131.0926619971,11.4268753604
102,8,57.1835572737,-13.8618832957
222,59,45.0123030599,8.4734786740
114,15,0.0000000000,11.3063813772
122,29,40.5194562068,0.8768986345
122,25,52.1780101233,4.8595968581
202,38,10.4428911051,1.4243682873
307,76,51.6732551600,16.9370209954
--end of generation dispatch
