--generation dispatch
bus id,unit id,pg(MW),qg(MVar)
222,58,53.0949107750,4.5851509610
315,83,4.2583514585,3.5536380702
207,44,61.3575317059,18.7318418035
118,23,439.7837340243,74.8972203144
213,46,70.6917731677,12.2346572294
315,82,0.8378964817,5.3751535245
314,81,0.0000000000,-6.6715664797
113,13,84.0092839719,32.2930232639
216,55,116.3122855999,51.4893021314
116,22,80.9705857068,-49.0680236140
316,88,52.8898688448,65.7265328755
122,28,40.6453303580,5.0240657642
123,31,36.8542219398,-52.8512132415
215,51,6.9274580634,4.1329384785
215,54,42.7577140925,35.3670630821
201,36,21.5265650171,-20.4070516991
115,18,6.8125106962,4.7740941163
215,49,1.9406577423,3.4388777412
115,17,5.0265577922,4.2030372181
223,66,117.9167385767,33.7682197193
221,57,411.8693924731,54.2354240556
322,94,46.4796607554,3.1822192812
107,10,44.2311375868,8.2926667064
302,73,7.3927960854,-23.6339026693
115,21,29.2224250167,-4.4283448804
301,69,50.9165952505,-27.6933707334
223,65,84.6061137441,-24.4148864457
102,7,67.6059448982,-19.3945706600
322,91,46.9996337671,1.3584067631
222,60,58.5938701622,2.5107708384
107,11,13.3012409369,-21.4772750692
302,74,8.7824377605,-32.0833571787
323,99,236.6496617864,-3.8654152014
307,77,24.1863592016,28.8979588209
215,50,1.5746973639,2.2528485523
223,64,35.1098617296,-9.6529227348
201,34,14.1000474991,-0.3837054043
201,37,20.8486127192,-30.2561527779
114,15,0.0000000000,19.4073212533
107,9,11.6883522097,7.8723586729
315,84,3.3331919667,4.0147495146
302,71,15.2765619251,4.3163621780
202,40,32.6092183158,-19.0668876299
115,19,6.9899322910,2.2276541176
213,45,115.5448174342,-14.3456675757
122,27,52.0178851818,6.1819665035
207,43,22.5637439429,9.4545611202
115,20,4.4869429997,2.3953260646
202,38,15.4782978683,0.2822367798
102,6,10.6094468316,5.3604304040
315,85,1.7713957072,5.2981151585
113,14,37.7135108394,-2.3382685685
202,39,14.6473636386,0.5143652856
302,72,14.0545901433,-4.3322425042
202,41,4.0531566352,-0.9589458553
218,56,434.1682692616,103.0547361137
323,97,39.1337914436,-14.3098341219
121,24,401.2538506555,157.5341865048
313,79,36.1126872238,23.1867733880
207,42,15.1780468982,-2.5424797916
123,33,176.6619013418,6.5795426157
102,5,19.6982542699,7.6355615414
315,87,38.0760076739,64.2616516325
321,90,375.2805746207,64.5331562177
101,3,48.3795270481,12.0953568686
301,68,12.4656016303,-0.1815250688
122,29,51.0502124188,3.9908322593
322,96,61.3116348962,0.9281300461
322,92,46.9824834153,4.9440146487
315,86,6.4024769150,3.2353783177
222,63,46.3396828116,5.7704065958
122,25,59.8152141559,7.4538202377
214,48,0.0000000000,88.5636262835
301,70,18.8109267597,-40.4840429849
115,16,1.7218399685,0.3874142090
122,26,59.9100171339,9.7163649891
102,8,67.6059513049,6.4402515483
222,62,54.3941634341,7.9370356851
307,76,54.3830641580,-4.7236861278
101,2,10.7866442113,3.3190857383
323,98,85.0654140397,-7.8918623979
215,52,2.7550575270,1.9454680766
307,75,53.7023836141,-8.9921070261
113,12,96.4405801953,-7.3810804708
122,30,56.3879799919,7.9178906869
222,59,39.5500804747,4.8094152499
101,4,48.3795268847,14.4483233511
322,95,57.5079041588,4.2179232343
313,80,66.0320218511,8.9658963918
201,35,18.6989750592,4.1273194188
318,89,324.5628282022,59.4128647587
213,47,48.5545207341,49.0758935287
301,67,20.6210935408,1.3356888649
322,93,46.3119268519,1.3742521365
123,32,51.5182227833,-5.9864400937
101,1,13.9695713559,5.8208919776
215,53,6.8274052493,3.1915184931
222,61,60.3069521051,1.7903697612
313,78,102.0202601570,-0.2125146977
--end of generation dispatch
