--generation dispatch
bus id,unit id,pg(MW),qg(MVar)
222,60,62.4891652847,9.1850398242
114,15,0.0000000000,39.7368990431
302,71,20.1166263193,-2.7681168329
307,76,68.2939813926,-9.5374293687
115,19,0.5416907424,4.5126335259
115,16,0.5272816943,1.0586243079
307,75,38.3274329046,8.6102521956
214,48,0.0000000000,194.9906295600
201,34,17.8227728465,4.9992308373
322,94,53.3686792560,4.5855985823
123,33,218.2863157555,-76.1912454740
113,13,77.7547213815,4.1825742655
323,99,106.9900330761,23.7972593785
116,22,59.1460036305,-35.1238165335
213,45,69.0906539852,25.7070638004
215,50,5.1894253689,2.2377664214
315,82,4.1886670275,5.1004797791
101,3,56.4644194864,0.5503049009
223,66,41.7368171690,-43.1395320764
115,20,4.3030391229,1.7180856653
321,90,363.7732911374,176.2852093279
202,39,13.9301906295,-0.0521760995
322,95,59.9762269983,3.7601333312
315,86,0.1628848691,2.5550101240
213,47,138.2574949610,-13.8078011136
221,57,239.3408601481,28.7280819534
113,14,100.5739955966,-14.0935715123
316,88,124.5655676944,16.3233223955
121,24,468.8144142664,95.8085387662
302,74,3.4285675759,-24.8929642614
323,98,66.7283221011,11.0619905957
102,6,18.0996339978,5.4604931075
123,31,58.2086914755,-33.1020130792
102,7,77.1959306502,-2.1363417803
122,25,44.9573912680,-3.3887660981
313,79,89.6450274915,7.2889358190
222,58,61.4262293843,7.1086536430
122,29,46.9553280830,-0.3371708984
215,51,5.1675351869,1.7524382546
215,52,10.6342372691,-0.0872203184
314,81,0.0000000000,58.0090650158
123,32,3.5672057347,-50.2878995053
301,68,18.7646756513,-4.9745389691
322,91,52.1314877936,3.9854221042
201,37,27.6604048986,-5.7527884483
102,8,95.1642715297,-5.1120217235
302,73,15.9511832767,-2.4443526164
222,62,45.9841014613,5.7444964718
107,9,39.5311171783,20.8136934556
113,12,105.4700045109,-14.3528420916
313,80,107.4904302336,23.2440607247
115,17,3.1983607802,1.6018493536
101,4,84.0095327135,5.4335756268
107,11,23.8173669495,8.1697536687
315,84,3.7741689244,2.0597851777
322,92,44.0079330805,5.2622065002
315,85,2.2311919272,4.9824479234
223,64,58.6519824787,-27.0420558649
216,55,93.4193745228,15.0075308262
118,23,476.4526051093,134.2848381762
222,59,42.6877642382,10.3143335772
202,38,19.7837230044,2.9409487373
202,41,29.0282765140,-13.7354977048
215,49,2.3565166987,-0.6105142655
202,40,0.7313399224,-38.3111990019
315,83,1.2870976558,5.0331626638
122,30,59.3844084883,-1.1940680570
215,53,5.7656026192,1.4563405082
115,18,3.7428482635,3.9426924054
322,96,56.6732404812,9.6354044406
301,69,22.9192406668,-15.6984843904
307,77,29.6021577599,13.0600022639
122,27,40.5173478624,-5.6023624087
115,21,47.6671009558,30.8507646790
315,87,103.6096187435,65.0919959612
215,54,48.8499009977,-49.6481681613
207,44,62.6649584842,4.1059068868
213,46,14.6291003863,6.3926514640
207,42,12.1438290889,16.1765765149
222,63,50.8582891390,7.5637116147
102,5,18.1626821656,3.3103960366
301,67,14.3554201440,-4.0887802026
101,1,19.6474222238,3.4634027985
122,28,59.3424527462,-3.5870598751
222,61,56.7084184318,5.9936681944
323,97,75.8874686726,-34.2006972111
318,89,440.7896363968,61.1355623741
207,43,60.8402705612,-5.1032643236
218,56,271.3811453254,154.8169615128
201,36,50.5267863916,-11.6676121077
322,93,46.3769553079,0.4694562572
107,10,50.2686048183,1.3597624183
223,65,28.8509745509,-14.8983706228
101,2,11.5626262294,6.7592675451
301,70,25.0390568246,-31.6255966891
201,35,14.3059512653,5.5422551341
122,26,44.1557820000,-1.0062445309
313,78,56.5211837732,36.7606280428
302,72,20.1471925004,-1.1268865214
--end of generation dispatch
