--generation dispatch
bus id,unit id,pg(MW),qg(MVar)
313,79,130.0889410378,0.5264810762
321,90,350.6253003880,61.3504088065
118,23,291.2325289179,75.6948842406
113,13,132.0263469575,-32.7236739427
318,89,367.2681236916,68.2881480807
322,96,47.9223475963,6.4550093545
107,10,35.9206248377,-0.7686176289
222,61,53.8277148928,-0.0302334108
107,11,40.4687070707,8.7048649289
122,26,54.9860358609,-0.7011546697
222,58,59.0567637963,4.2516703173
201,37,15.1438326511,-3.9161960290
215,54,80.0082565183,-10.5172109735
315,84,0.8179535070,3.8158855340
201,34,16.9677189048,2.5344846109
315,86,5.8442606023,2.6153021003
213,46,71.5000103808,16.7944164629
302,73,35.3215851649,-38.0388172545
323,99,206.1153597380,-23.9825584381
122,30,38.2824502651,6.0767038030
215,49,6.2519736222,4.0119060239
215,53,2.6982856130,3.8372140275
315,83,1.0555499843,3.3517455299
301,70,26.4211402197,-28.2643398722
115,19,3.6387981996,2.1499234083
101,2,13.5029531994,6.0961198849
307,76,2.1941240516,17.1302059835
123,33,243.7935299687,-20.1734277544
123,31,72.1465010022,-55.2575933449
323,97,14.0920323517,17.1014135834
313,78,55.1554462853,-0.8947567275
122,27,57.8840694598,6.3593788961
113,12,39.4893986335,-9.8774878513
222,60,62.0499141917,4.4924647169
207,44,58.0375860666,1.4097539891
302,72,9.4515198486,1.6716107532
102,6,12.0862701080,4.6681009612
107,9,41.9699121732,6.3818306665
315,87,117.0356449054,97.6302352490
122,29,51.0859317890,7.8287149261
221,57,198.8936129399,-13.3655530756
201,36,30.7195196058,-14.0772890506
207,43,39.0042275947,37.7686451784
301,69,51.6676477673,-27.8908423641
223,66,149.9285783833,27.6975687871
202,40,31.3377780233,-11.1803164267
216,55,106.4020867693,5.4259772617
101,3,40.3681528278,14.0244427052
122,28,60.3462186896,4.6718878769
114,15,0.0000000000,-50.8606419357
307,77,56.9332841679,-3.1685692672
102,7,60.1713404744,-11.2002805434
314,81,0.0000000000,37.2671802964
313,80,101.9414169423,-0.8214731067
315,82,1.6911209901,4.6915693788
116,22,97.3024553378,-53.3225424102
202,41,40.5580011271,-14.9644817865
215,52,0.3499877394,2.0428064871
301,67,11.4298717047,-2.9436290414
316,88,81.7329440819,63.0438295926
122,25,51.4713050703,6.7574063250
222,62,40.1368049585,2.9277226589
322,93,53.8291993932,3.1125049285
215,50,0.6833133076,2.3227512772
322,95,64.5339626478,-0.3907897922
101,4,40.3681507286,-1.2214402073
115,16,0.1819444740,3.5595653112
113,14,91.6432774511,12.4453908088
115,20,10.0002452015,1.4811478844
214,48,0.0000000000,83.7378083045
207,42,44.8927979369,-4.1455755236
302,71,21.7480317360,-4.1057660545
322,92,48.7497895825,3.0802159328
115,17,4.2865076308,3.3331286223
201,35,17.9423119081,4.1208159902
315,85,5.5614209774,5.8177748944
102,8,60.1713461825,7.4452710062
222,63,55.1746125176,1.9070301114
223,65,91.7465996513,10.3580631494
322,91,59.2561433263,6.2095707443
323,98,71.3271564486,21.5277703357
115,18,5.5132749645,3.4886374682
301,68,15.1085299621,3.1271330212
202,39,15.3300848311,-2.2217411648
218,56,79.3630389856,50.6589172733
101,1,9.9654708549,6.8125682415
213,47,117.7280656618,23.8649894156
302,74,21.6507245022,-37.5358379774
215,51,1.9577486028,5.6135911224
115,21,49.0054592937,63.0580692140
223,64,81.4297319005,-13.3090106991
322,94,61.4627228104,2.4968642866
121,24,292.5645884879,165.4487917030
213,45,45.8181807181,-7.5478376538
202,38,11.4011281878,1.7154277028
123,32,102.1618973790,-30.2613153359
222,59,44.0308565071,7.3109253902
307,75,13.0308757874,5.6056421252
102,5,17.8547233347,6.0714928470
--end of generation dispatch
