--generation dispatch
bus id,unit id,pg(MW),qg(MVar)
201,37,50.4287440605,-30.6094963637
213,45,119.7072354257,25.8193828948
215,53,4.8683222621,3.7827629454
302,72,10.1780054029,0.4226447233
116,22,25.6593328826,-30.9833370487
122,27,54.8601161101,7.2004039234
222,61,44.0078961801,1.4150015516
316,88,119.1183813771,54.3261991032
215,51,8.1747145973,5.3493273350
213,46,2.9401743592,23.5799085728
315,84,6.3508171440,5.6066586942
123,32,29.3727727597,3.0158336711
302,74,18.7003578895,-26.8864854703
207,43,69.2081018023,-11.5120211593
315,86,4.3035648057,4.7926268953
118,23,447.7603948170,134.8950706746
202,40,14.1168343532,-35.5568573035
122,29,35.1786009357,-1.7157836954
114,15,0.0000000000,45.5847992234
307,77,29.7752801725,-6.2025398605
322,96,58.3095328137,-2.3855153315
216,55,84.1892110585,83.7777880606
322,92,42.6654731715,4.0014830465
301,67,13.6482940610,-2.8780707730
314,81,0.0000000000,35.3119503638
315,83,3.4727006746,5.4671215330
313,78,75.5617136538,-19.7109555187
207,44,63.4130945278,3.8575219158
201,34,10.0649128714,-2.0076449212
101,3,29.1169984351,-27.9643172934
102,8,27.4690406599,-34.2080118306
115,21,22.4289315333,-21.6741604709
215,49,3.1467652092,2.3624806486
307,75,68.2054560779,28.6864476045
307,76,11.4459792955,4.1939930561
215,54,76.5351944102,56.9572354552
222,62,64.6815078448,6.8353123013
113,12,122.8089126150,-19.7171769943
201,36,13.8225900788,-16.5723973208
121,24,460.3584143946,82.5764043120
207,42,9.6311014941,19.1444132786
302,71,12.2196774801,-4.5906647304
323,99,177.4179856758,5.0315886234
222,63,37.2481562103,-3.6245464118
202,38,11.6838459848,1.4609957531
122,30,59.0102657577,6.1701227087
201,35,19.2608231827,5.1410426601
101,4,19.0440422281,-12.1387088205
315,85,0.3566021820,3.8252416593
315,82,3.0402674445,4.3155915631
301,69,25.9198838929,-18.7413654764
223,64,98.7390685976,-17.3001867056
102,7,27.4690401182,-19.3932932396
102,6,9.9175989277,1.3364123766
107,10,6.8628829822,19.0863463350
315,87,115.7008524783,91.8601799040
122,26,43.2487760083,5.8367230793
107,9,32.4412638170,-1.1032847271
222,59,53.7131425295,6.3132663866
321,90,367.7727009257,43.8209065613
301,68,15.9289219195,-3.0813011188
115,20,4.3109480105,4.2679514865
222,58,53.1004860647,1.2179737143
115,18,5.0499676334,1.9893773030
115,17,4.1230117701,3.1548621828
323,97,126.5622718893,-10.4826205976
313,80,82.2115571690,21.1970057674
113,13,98.2883055965,10.0275916311
202,39,12.3890453130,4.9336379680
302,73,15.4808266984,-24.1422259198
322,94,47.8658192745,2.4690691914
122,28,36.8867549900,7.3137317446
214,48,0.0000000000,-36.6465722241
218,56,316.0737541587,67.1302023391
115,19,9.2809809145,2.6598784216
223,66,131.2428762986,-27.4028587220
123,33,264.1280902498,65.7593415645
101,1,14.3599062276,0.1247314212
318,89,289.4118371509,42.9929679810
323,98,112.7811521869,33.0266176399
322,93,44.1980207036,1.2896606979
322,91,53.8034897228,3.9065379189
122,25,40.7660614927,1.7284295951
202,41,29.2023839631,-16.2302579197
223,65,98.7390671576,-17.0006990736
215,50,2.8015882838,4.6057975315
222,60,37.8053813752,3.7877773899
313,79,40.2866814523,-16.2229541782
107,11,37.9587292485,-4.9470235799
213,47,71.5197185563,35.2887032156
322,95,35.6535943854,1.8885170811
102,5,17.5492159978,-5.2591629152
215,52,2.6635432819,3.1074250531
221,57,309.2884940736,31.7739012263
115,16,6.5926724626,2.3481417294
113,14,67.6430140727,-36.1401663463
123,31,42.9736372621,-29.6807072871
101,2,19.7692342902,-3.7188763645
301,70,32.1666788286,-26.1798044428
--end of generation dispatch
