--generation dispatch
bus id,unit id,pg(MW),qg(MVar)
115,16,1.4359265922,1.3102558816
315,83,5.3864310957,2.2503293252
202,41,48.7599793912,-23.1109074488
222,58,64.0256000072,-8.9327357543
213,45,102.7353632856,12.3460442625
215,51,6.5805801176,3.9499604698
115,17,4.1739877733,2.1363602406
121,24,349.0936712726,116.5012021037
123,33,92.3260283304,13.5656757926
307,77,40.7708521826,5.4075445555
315,82,3.0460662295,2.9896904125
307,76,62.6135155809,8.8174931533
207,44,0.8421876369,0.2536080842
101,4,48.1750325475,14.2305870073
314,81,0.0000000000,1.4042318695
315,85,4.3805471044,3.5668924681
302,74,18.8722025990,-27.1852579518
322,94,41.3280403813,4.4156469567
107,10,15.8608080762,2.8909908782
113,14,101.1997709998,40.2905996169
201,35,15.0809202857,-2.0036925142
215,52,1.2765624789,2.7944928055
215,53,4.4881563051,2.8113444311
102,6,20.8733688977,4.1206936762
315,87,48.5342287675,88.4625272180
322,93,35.0649743797,1.2839177810
322,92,56.1118658110,1.3814238892
313,78,160.4211639816,-9.5501794550
114,15,0.0000000000,32.7480522932
218,56,354.0271477872,-25.3970743951
222,61,39.9421536544,-8.7052160141
213,47,95.4541244142,26.7248835982
214,48,0.0000000000,153.0215590864
302,73,32.9740053513,-12.3667255657
123,31,7.8958046842,-87.0360491703
207,42,89.2158887650,-8.1600107031
115,18,6.5048222446,2.9780295890
322,95,61.5180723079,1.6716521907
222,59,35.9549361066,-17.4783363251
222,63,42.1434676688,-10.8591494501
201,36,16.8985227633,-22.2627680009
113,13,113.4320001268,-20.8648625430
122,26,43.8629975023,1.5016166087
122,28,62.8637988113,3.0172792570
122,27,41.5011446799,0.1225080371
307,75,21.6678161338,3.0691288627
222,60,55.7841826667,-4.1339806483
122,29,42.1281597849,-1.0588339569
107,9,17.0145765378,14.6990969861
313,79,78.4827110668,-34.2210799440
113,12,25.6175395934,-3.5601714629
323,99,100.6161629742,14.4586497510
323,98,76.3727592013,-15.9617439922
101,2,16.6492916021,2.5241916951
102,8,71.0663176428,-9.2183846256
315,86,4.9592487092,1.4990728612
302,71,18.5432901706,0.5111842624
213,46,86.6126079760,12.7373250925
107,11,26.6466655698,0.4850406555
215,54,80.1951216286,95.0488180493
301,70,20.1190306643,-11.9147069905
202,38,14.5909668277,1.1256434011
221,57,344.5083612935,23.1050023311
223,64,65.4717431738,-7.6644802554
201,37,26.0592917072,-15.0745402353
318,89,503.9707673333,58.3648960074
301,69,29.9768277676,-38.9742102998
122,30,54.1031882346,3.6399110967
202,40,51.8119984057,-36.6039031056
316,88,63.5899375405,61.8117248143
201,34,17.2569151753,3.2200755572
101,3,57.9309422250,8.6139181083
102,7,87.4079048244,3.2687989895
118,23,298.8859694346,153.8763931909
223,65,39.2368124671,-24.3640674420
122,25,53.0762906551,1.4810111678
101,1,20.3558316447,3.0401010640
116,22,48.1212317666,-73.2311561017
302,72,20.8799075172,0.8103474175
315,84,3.9041332765,3.7163289074
322,91,45.7638537618,3.9277748727
323,97,62.7672887977,-16.6115591958
115,21,103.2682436474,13.2520975074
207,43,13.9821466829,35.3317618520
102,5,20.9220145402,6.8747972809
202,39,15.4114313318,0.5741880255
301,67,9.2338088376,1.9530176225
223,66,155.6798278265,51.5814765117
215,50,4.4691438963,5.1431490082
322,96,35.6393324690,-2.7916228656
115,19,5.6490536735,2.6340901405
301,68,13.2596943887,-0.6912188584
115,20,3.1669043420,3.6538667446
216,55,16.4322782518,18.3465741268
321,90,315.0605622157,29.3783254481
222,62,59.9058058968,-5.1563984386
123,32,64.8746991148,-28.5599672827
215,49,2.1227536762,5.3758710842
313,80,109.6346632265,16.8895146201
--end of generation dispatch
