--generation dispatch
bus id,unit id,pg(MW),qg(MVar)
302,73,17.6215694489,-16.9918294726
223,65,91.2053959314,-44.8543608852
315,82,4.0832931825,2.1898084494
115,21,104.3666667091,74.8231398374
214,48,0.0000000000,82.4985763526
201,36,57.3776646172,0.5135454918
323,98,80.5081035492,-53.2076360783
202,41,38.2695524710,-34.0709625664
207,42,12.9537487484,11.2906263182
322,94,51.1218850476,0.5480617789
123,31,33.9222141494,-61.0329053524
115,17,4.5110627213,1.9020874287
313,79,90.6172190883,-18.2643074494
115,20,3.0675734132,1.1503916769
201,34,9.5576918082,4.4452134765
222,62,44.2303232739,4.7057888953
215,54,87.5292422661,54.6255781041
122,30,54.7524788914,1.2006014275
102,7,76.6578438270,-17.7800603624
202,40,22.6276909897,-27.0405609535
323,97,80.5081313795,0.7428387539
115,16,9.9983163180,3.0980110777
315,86,5.3932359864,4.5648802749
315,87,56.9044262308,81.1097447393
207,44,15.5544282764,8.9935409274
113,13,64.4200872615,1.8313685322
123,32,66.1758229030,-6.4672529711
321,90,410.9002399682,55.0876330798
115,18,4.8107198665,3.1485137021
222,61,60.1194802073,4.0246903566
307,76,5.3151569061,25.7227104995
215,53,1.0398134939,1.0560686448
107,9,33.0128982035,-17.6597987550
213,45,12.7347722838,-2.0176331443
301,67,16.8158559235,-1.7450856089
322,93,43.4964145718,-0.0350688867
322,95,55.4627686597,6.6605078950
302,71,8.9858788072,3.2028940120
302,72,18.9922858254,1.0672224137
222,60,35.0712543570,5.1299682090
113,12,149.7745767837,16.7078199474
213,46,51.0111386010,17.1387100200
307,75,48.8526984048,13.1280369184
102,6,11.6928805272,4.0790640457
121,24,368.3144390778,34.7830929446
315,84,1.5708317036,4.9329523873
201,35,10.7261968222,4.8184368094
201,37,47.4991229112,-12.4458737100
207,43,23.7843411684,9.4954442299
102,8,97.3670057314,-5.7377584089
223,66,160.8664836432,50.0414010519
222,58,58.2656648669,0.1634688393
213,47,125.7107553159,36.6340853744
118,23,327.2481334598,179.8467905423
307,77,12.4023987737,12.3240245428
301,69,21.1092576420,-14.8838214059
223,64,24.4011531669,17.2369468076
215,51,5.8513813910,2.4035174275
122,26,35.2963734822,9.7722696927
314,81,0.0000000000,-30.9138121971
101,3,77.5453409565,-2.4164730887
315,83,2.6428732253,3.0481391820
115,19,0.7769009204,2.6706048458
318,89,333.0522720033,66.9885749644
102,5,15.7769048458,6.0161446202
107,10,7.3571316502,-5.8673230695
301,68,20.8813755149,0.9571678511
315,85,0.7223759348,3.3169833834
122,27,39.3292675269,-4.4942298550
101,2,11.2600709149,4.9276520835
222,63,43.4384658474,6.7439913361
218,56,362.5654754650,87.1831583334
313,78,84.6744921639,39.2291630559
322,91,44.4903384915,1.5973688925
323,99,96.6943519059,18.5984279806
322,96,42.0888021353,3.6845377977
122,25,60.9580133328,2.4883182845
116,22,20.1290968717,-48.8931816267
302,74,29.5056224094,-10.7853718588
114,15,0.0000000000,-68.5798298984
107,11,50.6882593082,-4.7042812152
122,28,40.4574982015,-4.1619869079
101,4,74.7137150364,-1.9385488187
202,38,15.9148496010,-1.1917240070
215,52,7.8411866820,4.9426657251
122,29,48.7992969280,-3.2664357048
316,88,64.3242695209,46.7821506594
215,49,3.5140750891,2.0993307140
101,1,16.2837458788,3.6103282605
222,59,46.7444612442,-1.5922276132
202,39,12.3089920022,0.8992047390
301,70,24.1569020142,-28.4152171616
221,57,430.0007445379,44.7350240902
215,50,2.6450980188,5.2273102218
123,33,76.6421802752,-93.8849425934
216,55,100.4582867672,67.2572879860
322,92,35.8216522190,1.1915930075
313,80,85.5415112322,29.8001971317
113,14,121.0851161351,-24.1425093639
--end of generation dispatch
