--generation dispatch
bus id,unit id,pg(MW),qg(MVar)
116,1,400.8842872009,-47.9282753992
103,1,480.8330691622,-146.3412415561
149,1,1302.4985669844,428.8640736253
47,1,236.9757151275,47.7638077349
18,1,693.5194695726,-323.3881644007
36,1,1134.1518019920,593.1175337032
148,1,851.6138213829,27.7902173408
140,1,1225.3318021188,870.2390675374
70,1,601.7443316657,-310.7247401455
118,1,1430.1137064622,1547.8119927028
159,1,1052.0470853804,-80.6675011779
65,1,961.9498356314,23.5046864193
11,1,970.1063090566,-112.6356428209
43,1,497.2064608702,106.4076621748
40,1,396.0950679902,35.1160000720
35,1,1127.5672277105,795.0344309697
13,1,261.4602738016,64.3971740862
162,1,279.8084229343,100.1914377351
144,1,1465.7404049590,-6.7374613492
9,1,810.3522111002,395.6967509470
45,1,890.9564698088,270.6583574123
138,1,406.3036686586,-250.0220143691
4,1,632.7508927479,-134.4848351137
77,1,3850.4817634566,290.0635284948
6,1,655.9106122761,-88.1154462443
15,1,891.6562918282,127.7290977320
112,1,435.3210960647,-197.9136156159
30,1,1798.9692060409,862.8924448170
79,1,5202.8167380812,-1077.4280019552
--end of generation dispatch
