--generation dispatch
bus id,unit id,pg(MW),qg(MVar)
322,91,59.2187176653,6.5494613638
122,29,51.0485061290,5.9388310037
202,40,31.3377780233,-11.3178911254
222,63,55.1371868586,1.7314680855
302,73,35.3215851649,-38.0369803694
322,96,47.8849219353,6.8226111832
322,93,53.7917737322,3.3263066811
202,39,15.3300848311,-2.4408790968
213,46,71.5000103808,21.8780181015
222,58,59.0193381373,3.8810952585
107,11,40.4687070707,8.2796657742
102,8,63.6839076177,7.5675624895
318,89,357.8198383737,54.7513036242
222,61,53.7902892337,-0.3206223120
215,50,0.6833133076,1.3773821386
101,4,43.3852572446,-3.6089334080
201,34,16.9677189048,2.7644039469
201,36,30.7195196058,-10.7157764521
307,75,13.0308757874,6.8109805869
118,23,297.8593650005,21.9354303683
215,49,6.2519736222,2.8638352802
101,3,43.3852575610,12.7087414209
123,33,243.7935299687,-20.3611116867
115,20,10.0002452015,1.9692627575
215,53,2.6982856130,2.6644613265
122,26,54.9486102009,-3.1472744772
313,79,130.0889410378,7.3072587400
301,68,15.1085299621,5.7353893579
302,71,21.7480317360,-4.1052863435
313,80,101.9414169423,5.8029178499
213,47,117.7280656618,27.8515037199
122,28,60.3087930297,3.6446925383
315,84,0.8179535070,4.1038626249
107,10,35.9206248377,-1.3320370204
301,70,26.4211402197,-23.6639517016
116,22,97.3024553378,-56.2301269367
315,83,1.0555499843,3.6484446065
201,37,15.1438326511,-0.9676710996
102,7,63.6838474956,-10.9733905604
321,90,338.1721407573,45.5355096512
323,97,14.0920323517,18.8204195752
115,19,3.6387981996,2.6238709751
222,59,43.9934308480,7.1718542652
115,16,0.1819444740,4.1724150116
222,62,40.0993792995,2.5463310923
221,57,198.8936129399,-21.8224141585
307,76,2.1941240516,17.9088651832
102,5,17.8547233347,6.0719611465
216,55,106.4020867693,26.2650932640
122,27,57.8466437999,4.0559470887
223,64,81.4297319005,-16.3874850720
123,31,72.1465010022,-55.4449917501
122,30,38.2450246051,4.7256560351
123,32,102.1618973790,-30.4474102756
302,72,9.4515198486,1.6720070831
101,2,13.5029531994,6.0231408503
115,17,4.2865076308,3.8450656601
202,38,11.4011281878,1.4765848127
301,67,11.4298717047,0.2951959250
322,95,64.4965369868,0.0014422460
113,12,39.4893986335,-8.8120379572
207,43,39.0042275947,38.2833111236
215,52,0.3499877394,0.9775453128
314,81,0.0000000000,34.9479112465
213,45,45.8181807181,-2.3522777545
313,78,55.1554462853,5.8381848271
315,87,117.0356449054,94.9928904927
301,69,51.6676477673,-23.1932552038
223,65,91.7465996513,7.1697143641
322,94,61.4252971494,2.8336252646
115,21,49.0054592937,87.7587257514
207,42,44.8927979369,-3.5502014715
215,54,80.0082565183,-41.6120763695
201,35,17.9423119081,4.4636428816
323,98,71.3271564486,24.2061427841
113,13,132.0263469575,-31.6594509602
114,15,0.0000000000,-50.9186885786
202,41,40.5580011271,-15.0983247700
214,48,0.0000000000,78.1713095119
223,66,149.9285783833,23.8114825215
316,88,81.7329440819,52.3793857366
115,18,5.5132749645,3.8790566270
102,6,12.0862701080,4.6692370504
323,99,206.1153597380,-16.7534191510
222,60,62.0124885326,4.3530669716
315,82,1.6911209901,5.0059988064
315,86,5.8442606023,2.9290569510
121,24,292.2652028148,125.4522032908
315,85,5.5614209774,6.0874823133
101,1,9.9654708549,6.7284973664
113,14,91.6432774511,13.4995423539
207,44,58.0375860666,1.9957465680
218,56,69.4365959178,50.3206034846
307,77,56.9332841679,-1.9726533633
215,51,1.9577486028,5.0955788211
322,92,48.7123639215,3.3069323687
302,74,21.6507245022,-37.5340189698
107,9,41.9699121732,5.6745136774
122,25,51.4338794103,5.6712732451
--end of generation dispatch
