--generation dispatch
bus id,unit id,pg(MW),qg(MVar)
322,96,51.9326916664,3.5626206668
302,72,14.0492826692,-4.5273612453
316,88,2.3437415673,62.1326169239
123,33,185.6890005264,32.1458618741
202,38,15.8368929265,3.0715225595
222,62,51.0635166097,2.6436639781
307,75,34.0329982585,24.8296892674
214,48,0.0000000000,11.7313528877
301,67,19.2213783099,-3.7897670120
322,92,42.6047028276,1.2800211169
201,34,18.0367117069,4.6860793587
302,71,10.6173250761,2.1467651448
201,37,13.3843537271,-4.2587844516
215,49,4.5939803863,2.0830836834
107,11,31.2964966218,2.9607706566
313,80,51.0798463458,6.1733594660
123,31,102.9559227334,-34.1071844019
122,27,44.0938830982,-4.2725005288
201,35,15.6071144612,7.1149490527
222,63,57.2912826173,3.8749474782
215,54,13.6542460626,32.2267191299
318,89,426.7455884152,82.4766612800
323,97,29.8000905539,-3.8908969985
115,16,5.5887876770,2.2661465694
307,77,63.9457011071,-15.7937989782
122,26,37.9303900829,-0.0543909425
313,78,71.4608622620,33.5055406650
115,20,5.9355458579,2.2761441108
322,94,58.1672253414,4.6752872485
207,42,38.1982867759,16.1753261348
113,13,125.6426087309,53.9803950215
202,40,0.9500244787,-2.0822535955
216,55,22.4122953311,41.5978258242
115,21,83.0396089499,63.6717026084
215,51,4.6318018234,4.9798597193
202,39,20.5994266664,-2.1546356481
302,74,30.0838622573,-19.5423961718
322,95,57.4594317541,3.1548373195
223,66,210.9176038140,-21.6937662828
115,17,0.5687517557,3.4337787757
213,46,46.5363244910,-1.6011661407
207,43,3.5168888466,20.6460695587
101,1,15.2929401519,5.8251311801
223,64,100.5431408212,17.1556561054
101,3,43.5567035181,2.4278558015
107,10,25.3068139078,9.7687163632
122,30,55.9434064968,-8.4056045971
218,56,288.2517055721,19.0093698603
222,61,58.6619517038,11.9563793692
116,22,91.6470508510,-60.8353901801
102,7,57.2761689567,-2.5688057768
322,91,62.4521950307,3.1779653863
315,85,1.6435644067,3.1570990501
301,68,14.3584622809,0.4645125216
213,47,108.4936493520,-7.1235967802
301,69,43.8131076746,-35.3337642604
215,53,3.3153222203,4.5129152812
313,79,84.9595376523,-19.5022047089
115,19,7.1503861406,3.2840037795
315,83,6.5455486871,3.8052093533
222,59,53.9855849038,1.9122888614
202,41,12.7148069397,-30.5639199352
301,70,31.8416692029,-24.9673105506
102,6,10.9907689084,3.3972481543
123,32,31.5326208067,-31.2746968014
323,98,78.3062043602,-38.8746914324
221,57,269.3208239387,41.4204360536
302,73,35.4368797769,-28.7613222044
115,18,2.6887716560,3.3891679195
323,99,85.6780074197,35.9482618363
122,25,63.7586121775,0.0715004267
315,86,0.3987587503,3.5141889750
322,93,43.1151229773,6.0926556449
215,50,6.9503170854,3.6626659359
107,9,32.7351603389,-1.1175904373
223,65,54.4373055255,26.5604119261
113,12,33.3173014398,8.4510175220
222,58,45.6099340174,1.6946109985
315,87,82.4416761830,91.6067615747
122,29,51.6791212141,-4.2984900262
122,28,60.8957297240,-4.3440714903
118,23,354.4202774211,156.0518922555
222,60,47.2158163151,0.2370361367
307,76,24.7564095759,5.1378436674
207,44,7.9203053855,3.8183866825
315,84,3.2158315398,2.3142892976
201,36,3.1322346859,-4.8533474573
113,14,78.1618884911,21.0037232478
315,82,7.8829317037,3.5301184309
101,4,43.5567033724,0.5910618372
101,2,20.1217129793,7.6461456847
102,5,10.8865719965,4.1376076284
114,15,0.0000000000,-126.8799994100
215,52,0.8816963068,2.1038495621
213,45,105.1265482424,31.0440189831
121,24,452.6392824420,133.8496075996
102,8,63.1340276541,-20.5362899155
314,81,0.0000000000,4.4559459252
321,90,418.9967706136,83.4150413270
--end of generation dispatch
