--generation dispatch
bus id,unit id,pg(MW),qg(MVar)
102,6,10.2293287261,3.0300469465
321,90,418.2162741965,40.9501242511
322,96,57.7901789715,2.7087652204
107,11,25.7361518543,-0.8037980682
323,97,25.9119276671,36.2709109780
313,80,72.8784625523,-20.8436960709
107,9,24.7425120941,1.4923071131
101,2,15.9414864458,-1.2698305819
202,39,14.2774132231,-1.8243200060
315,86,1.2897264611,3.4659332958
223,65,74.0776228083,6.6437120618
322,95,52.0469063573,-4.1374374455
315,87,94.6668973596,71.1378939273
313,78,158.4147613551,-9.8072623866
123,32,90.9562145421,-18.8041969367
315,82,2.0036672942,4.0804490855
121,24,468.8216248892,30.3563902127
102,5,22.7022047273,4.3114394088
202,38,16.3209553683,2.8276870050
115,21,96.4769733307,28.8179812304
122,27,51.8445214213,2.7511150323
202,40,25.7824354601,-16.8728389246
222,58,64.3490961762,4.1620557820
323,99,179.6635445734,-18.0800862696
213,45,77.8359694272,8.7538875901
301,67,14.5174641067,0.4552660808
307,77,19.2682819930,2.1621358984
322,94,36.1075057957,3.7232281710
115,20,1.1295746227,2.7943213865
123,31,108.4632423149,-63.2864773101
122,25,41.1923747117,-0.0159876281
222,59,49.0673608459,-0.8029795892
215,54,97.6427885937,84.3343133018
213,46,83.8926759233,-3.7977755389
201,34,12.5287475747,1.9065049099
223,64,96.7449219529,19.1610733055
107,10,34.5662409544,28.7507188778
102,7,58.3622573516,-6.7403485489
302,72,14.6334154648,2.2696595597
313,79,93.8065206455,19.5183166305
315,85,8.3834603580,2.7688104914
223,66,114.7677612938,63.6188217247
315,83,0.0569697623,4.4583468222
302,74,27.1847638169,-27.7983370348
322,92,38.8733624044,-5.1097538220
215,53,3.0673561841,2.5554421077
221,57,479.3520226926,106.4198822842
222,63,45.4630554640,4.5933492530
101,3,41.2717799561,-13.7093021998
215,51,3.3685694842,4.1841286371
301,69,20.8540276601,-14.9545774929
322,91,43.0539552571,5.3187839318
202,41,17.9257686662,-15.2448594452
222,61,52.2114861580,-0.4623357235
116,22,89.3014002397,-18.6568555669
302,73,23.6464186913,-7.4107807826
122,30,51.7635733451,-1.4885724278
113,12,49.4079133674,11.1088537704
113,13,37.8177300013,-2.7300332361
301,68,21.8250541005,-0.8278233864
307,75,65.9393244307,19.9884794582
216,55,53.1547335449,53.6384081286
115,17,1.8244509023,3.0501680932
222,60,42.8953824597,3.6389825103
201,35,20.7291903745,-2.1895693268
122,28,36.1837040077,-4.4036837520
207,43,9.2346344166,-2.2537457328
222,62,38.2969484092,6.6918237592
102,8,58.3622322336,-30.4420322278
323,98,18.8313264305,-27.4020293364
301,70,22.1593692531,-33.1407985617
302,71,17.7349391962,-0.6476493835
101,4,50.5491840949,-31.7654560325
122,26,47.9747559343,-4.6000510126
207,44,30.6969681138,21.1412201679
123,33,94.9541027183,48.5884671192
213,47,95.8194551460,-3.8420269411
207,42,53.2709623291,-1.7894284439
215,50,7.6018420025,5.7290081195
114,15,0.0000000000,-21.5514030696
118,23,311.5742637236,145.4858098255
115,16,5.5862968419,2.4752593446
214,48,0.0000000000,50.6062422743
316,88,92.3516516279,63.6820037390
201,37,17.5352604331,-17.0859523553
122,29,36.0217505650,4.5422756824
115,18,4.0943691956,2.6664123862
322,93,58.6474893108,10.9853355661
315,84,3.5531676220,5.1585212545
215,52,3.1783592536,5.3178865012
115,19,0.7062668349,2.8666401131
218,56,366.0336811151,79.3982525097
101,1,12.9228919222,1.1872285206
201,36,17.5352609149,-29.8625265253
318,89,389.1953335734,101.6252234437
314,81,0.0000000000,-10.1586579306
113,14,24.0080958429,6.2613592195
215,49,2.3060000777,4.8182117594
307,76,38.0722934892,-7.8957282849
--end of generation dispatch
