--generation dispatch
bus id,unit id,pg(MW),qg(MVar)
122,30,42.6001945408,-0.8853171429
315,84,8.2659068546,3.0078420902
202,38,17.1642374265,0.5777984326
102,8,61.7397567295,-25.6515981141
215,51,3.3366429522,5.0294777562
222,62,53.4637325752,7.0681685133
115,17,4.8000263106,4.3898547361
123,31,43.9918733532,-11.5042207265
315,82,5.0035045140,5.5618048553
122,25,60.3407688709,0.9904330882
313,78,45.4402209360,-0.6731558923
121,24,492.3604156377,97.9067712060
113,12,104.2659724168,-30.3411548160
307,77,34.3554513561,10.8300055964
215,53,6.2302932701,2.4118989275
202,39,15.9949682870,1.5154150888
315,83,4.8348616346,3.6831586983
123,33,35.3537044421,9.3446508121
114,15,0.0000000000,-30.3301023795
123,32,105.9159689392,-13.8464168225
107,11,38.8684510824,11.8074138393
213,46,68.2549342566,35.4885356804
322,94,56.4265938269,6.5550117309
115,19,3.0883603165,4.9262031286
301,68,10.8431435769,0.3459417648
207,44,52.7247193109,-4.1709073509
302,72,15.3689657721,0.3325337609
118,23,288.0503152669,94.7735527363
215,49,8.8754840272,4.3621874393
223,64,63.3720378837,-16.0566900675
113,14,69.9844287082,-34.9910197207
115,18,8.1260476542,2.2089709989
115,20,3.1483324032,3.9717977897
222,61,48.0248796829,4.2281499557
307,75,62.4752420344,2.5767146760
101,4,43.1059756824,-15.2226638931
322,93,49.4488233168,3.8863849177
207,43,0.2214868852,24.0446272065
322,91,62.5289586911,4.5108655260
102,7,61.7397947320,-17.5981912056
116,22,55.5083297093,-14.3489016553
201,36,11.1781410424,-27.1191228048
207,42,42.3408009874,0.5404848504
302,73,11.7091283218,-19.8345310442
122,26,61.1420935872,1.0993662608
222,60,48.3248675644,-1.7760184158
223,66,201.9120672371,-62.5018455476
102,5,22.1568077244,3.6068979757
115,16,0.0596263110,2.7314878579
314,81,0.0000000000,-8.4659882824
202,40,26.4576344256,-22.5437076002
216,55,51.0097937161,48.8538767644
107,10,59.4587250650,5.7741854549
115,21,73.3764967633,62.8776013081
122,29,42.6422618600,2.0441600322
102,6,13.2233897322,1.9060634478
113,13,115.5753154628,6.1370583945
201,37,11.1781574735,-14.6541808422
101,3,43.1059789966,-28.7120426466
201,35,12.5541069277,2.9536396273
307,76,54.1821202198,10.2772142464
315,87,90.2922056568,55.3321527032
215,52,2.3056825833,2.1715790953
222,59,53.3678399987,-0.3648303266
323,99,141.7711766411,3.9922223963
323,97,104.2946102888,-0.5446471478
313,80,47.3912997840,41.0710012051
302,74,17.3102076685,-9.7207572012
223,65,63.3720268998,-21.6605396922
101,2,9.7275824618,3.2171523652
213,45,119.2172890609,29.3784118387
318,89,498.8299636913,75.1439161119
222,58,51.9811578730,0.9967470540
301,69,30.8625795521,-34.1901924757
214,48,0.0000000000,40.8257830903
215,54,103.7849502000,82.6565655536
221,57,331.9856601698,67.9035912598
215,50,7.4095617634,5.9542117016
201,34,18.6921225721,-3.2779952237
321,90,316.7792432980,98.5859490125
122,28,38.7523180936,0.1571520081
322,95,50.4519589551,5.1002583492
315,86,6.0845062596,3.7018634406
122,27,38.2635986144,4.2319700488
101,1,14.0333403398,1.5329538456
107,9,37.3013189557,-17.6168177605
302,71,20.8253707158,-1.5953830200
313,79,44.2899156214,49.1492846941
301,67,13.6040256023,-1.9192545091
301,70,12.3961590936,-43.0775806290
213,47,108.0311760758,-5.5148551707
202,41,11.4979413429,-17.2367069205
316,88,95.3539724626,42.4874964857
315,85,1.1210063915,4.9431201417
323,98,104.2946874790,-7.4045909197
222,63,41.2741045706,6.7710741323
322,96,54.7722920336,-0.7268897585
322,92,41.6080556953,2.1690203891
218,56,481.9257508482,70.1667784742
--end of generation dispatch
