--generation dispatch
bus id,unit id,pg(MW),qg(MVar)
318,89,315.1508825605,61.2638173434
302,72,18.1166941092,1.5030354898
113,14,17.3215754959,-33.9599715407
213,46,95.6869958049,36.5586597289
201,37,41.3651837037,-12.6090764576
222,60,52.2561583274,4.0785850601
322,94,59.0584275711,11.4464557894
101,1,19.2233680527,-4.7880524068
302,73,16.5756619924,-42.4198203166
216,55,87.4945457660,86.3393617667
213,45,83.2597659841,17.5312114914
202,39,12.5762359170,0.3281304743
214,48,0.0000000000,-31.7121189283
113,13,33.1128026674,15.3213589931
218,56,406.4561471114,64.7164953628
114,15,0.0000000000,33.1299129656
122,30,41.3826635063,-3.0419099520
315,83,7.5313109983,2.3337220016
215,50,2.8597476432,3.5554378769
321,90,281.7593976816,49.8372006420
202,38,19.3431906768,2.4788909010
221,57,323.5163742448,48.6074115733
302,71,19.4282319219,-1.9257132737
116,22,113.8030644530,-56.8543725281
201,35,17.1907776215,0.5859653333
115,18,3.9085360457,4.5485157186
207,43,0.4377327180,-10.4434763567
313,78,53.1791058420,-21.8532981370
122,26,56.1080028863,1.0468826275
322,95,50.7106812766,3.0119952443
123,31,105.6448628667,-5.6192216096
223,66,123.4177997508,10.1195355826
123,33,113.5294847982,-31.8677663473
315,86,5.0212505607,3.2555581419
222,63,46.8575519185,0.0402699261
123,32,78.2051672049,18.4020876044
307,75,1.4446196803,22.3437493228
102,5,12.1512846172,1.7090942970
207,44,46.9318582610,8.0301198716
122,27,60.7423590498,2.8419618750
215,52,6.2681329860,2.0440000775
115,20,0.1430937466,3.8058178566
222,61,60.0318753605,3.8027311165
315,84,7.4656642669,4.2262200358
322,96,51.2497112507,0.5017770099
115,16,2.2367200993,2.4581825794
202,41,20.7647031182,-12.6107962585
222,62,46.4065700026,7.0872917107
122,28,46.2779790141,3.0944818315
107,10,25.2925913993,-3.7941310517
122,25,36.9419230825,1.8010186124
301,67,15.7529085987,0.8277300360
313,80,67.4733970868,3.9129826968
322,93,38.1137161006,-0.3447630192
316,88,114.7707431309,54.9342188466
314,81,0.0000000000,43.0970759986
223,65,94.6098488315,-17.9781923083
322,91,37.8457527261,-2.3375716728
102,8,44.4674901383,-23.4930232094
201,34,13.0692934205,2.1067593645
301,69,15.8933372497,-32.2656175068
113,12,147.8974978024,42.8204129984
115,17,4.0160303524,1.0788094654
215,54,84.7634793544,53.5020937050
102,7,44.4674897216,-24.9298741910
202,40,10.3021049836,-19.0285267714
122,29,48.8636783768,7.6500960042
107,11,17.2700550759,-2.7393757806
301,68,14.5654018735,-3.9541806648
215,53,7.3897952409,5.4198040633
307,77,49.6089216195,-12.7433498450
101,3,33.6647925809,-34.5571297209
213,47,80.9387715644,-30.3199666908
307,76,42.5138070525,22.3510149865
223,64,94.6098539924,-61.0002736215
201,36,11.3376030707,-33.6124114530
118,23,397.4902128757,77.0817993102
315,87,110.5456797985,56.7612320752
323,97,122.6372491548,5.5152075709
115,19,1.9501979163,3.2813825184
215,49,3.0121935749,3.0959753378
107,9,54.6775752820,1.0847367820
222,59,62.8129815708,7.7036005717
121,24,304.7162605221,147.0967526980
101,4,33.6647923730,-11.9028577944
322,92,46.9653931984,0.0787364548
323,99,176.5311202138,58.7752470193
102,6,18.4659436137,-0.5857072608
222,58,63.8118589578,1.6736216899
313,79,85.4068457405,3.2742551817
115,21,82.5421987771,34.4950581381
302,74,16.5756628849,-22.6268529496
323,98,122.6372457612,-27.0061745390
215,51,4.6410035584,5.1207699407
315,85,3.4115498501,2.3170288008
301,70,15.8933413834,-3.4978714541
207,42,20.3728884924,6.5775828214
101,2,19.4339142870,-0.0992036387
315,82,3.9871922263,3.3193893415
--end of generation dispatch
