--generation dispatch
bus id,unit id,pg(MW),qg(MVar)
322,96,46.5391550247,6.2996597493
214,48,0.0000000000,2.2886203029
322,93,48.3149745070,5.2231395811
216,55,43.2626676584,48.1061073985
315,82,2.3772509035,2.6026714058
201,37,51.8031928032,-31.5293559889
307,77,18.8001137704,0.7247320174
222,63,44.6995574037,4.7382460910
323,97,67.6747630815,-14.4210635179
222,58,47.9161593771,3.0681869200
207,43,19.4396347518,17.8819168238
223,64,112.6468633587,24.5464432281
315,83,4.6652751227,4.6416909141
307,75,26.2955698115,-1.0107646733
218,56,462.9797770075,78.6670895626
223,65,35.9680557992,4.9712162495
101,1,9.6834620022,-4.0826734802
102,8,46.1493565898,-28.7976643394
107,9,25.8475201647,14.0448994576
115,18,3.5753317930,5.3294495531
122,25,45.8718924514,-1.5205827520
202,39,11.0597468475,1.3184091030
122,29,43.9299191452,3.8006137625
101,3,28.8501825583,-26.2895325559
102,7,28.4232469282,-22.4349753639
207,42,25.6844684551,-12.6257462665
201,35,12.0826810958,-0.9294516547
207,44,41.6150142311,8.9616632523
215,49,5.9936957497,4.7281959506
215,51,4.0989084807,5.9322133012
322,91,46.6974592382,3.5802186024
315,85,1.8689745701,1.9898050919
313,79,14.2964519169,6.8196882038
315,87,73.2887635003,51.8129311020
115,20,1.4027590847,1.8016943314
318,89,383.0621318535,99.9431158911
302,72,20.5199913638,-0.0856815681
307,76,59.1005785316,7.8218871307
116,22,71.6008871218,27.2616117003
113,12,51.9044790021,-16.3332789605
102,5,11.9487898206,-1.2908412352
213,47,102.2587886472,0.8449198878
323,98,42.4457085003,2.7907434120
323,99,228.2128037061,-30.5659530829
113,14,123.3469030662,-11.4126757888
222,62,40.2619804639,3.5280992904
101,2,13.1855740967,3.2829948732
201,36,9.3502370792,-11.7561404718
115,21,57.7391659307,39.4734685893
123,32,95.2258290572,-46.4785066109
123,31,109.4759624269,17.8562548256
313,80,125.2908991430,-6.0950651142
322,95,61.5730225235,-3.1044611340
107,10,21.8691360916,2.3107158547
102,6,13.9023936478,4.1286916659
202,38,13.6071312280,4.7355952533
202,40,41.0958908298,-33.7766367266
122,26,44.3979739222,5.0921651022
113,13,61.6231643181,14.5005731303
213,45,58.6248222607,13.7459155621
313,78,142.7766196093,-5.6583040849
215,54,46.5473839059,60.8085807719
222,59,52.7166776556,2.5291269048
122,30,44.6033761614,-2.7100266458
302,73,47.7311634830,-10.1699068581
222,60,52.1296886668,0.6225002502
107,11,26.5822183480,6.7788686638
122,28,35.4792694548,-4.5050091216
301,68,19.6306791027,-4.5295036738
118,23,374.5326102521,85.4845398770
301,70,3.3401030820,-23.0502771420
213,46,45.7270257072,22.5957086235
215,52,2.8630381101,5.2149958909
315,86,1.4390557279,1.6609852466
115,17,3.9268063900,3.3093340755
202,41,36.3339579873,-29.7837496875
314,81,0.0000000000,-53.1852912699
114,15,0.0000000000,-16.6629525152
101,4,33.2890795216,-32.5133402676
322,92,59.8341583774,0.7425753044
221,57,429.9130760708,78.5527067315
223,66,133.0906500644,15.8570515326
123,33,164.0536235289,16.5898557212
302,71,17.6573235679,0.8844570132
321,90,329.0940569180,27.7464264233
301,69,18.3526994791,-25.1989332227
322,94,58.5418383136,8.1569588323
215,53,0.0431287893,5.7257497434
302,74,21.7985275506,-3.6160931045
121,24,376.9191860411,61.3765924131
301,67,14.4929449136,-1.6804631565
115,16,0.7264470426,5.1437249095
201,34,15.0389367099,-0.3052174781
215,50,3.3521228143,3.6524049572
222,61,55.5836989392,1.7031152346
115,19,4.5165909475,3.2615704710
122,27,37.8245305653,4.3513024996
316,88,24.4006450142,69.1486760609
315,84,0.5945890024,4.8496344297
--end of generation dispatch
