--generation dispatch
bus id,unit id,pg(MW),qg(MVar)
321,90,319.2116672081,38.7099335228
201,36,13.8283483287,-12.0494462268
222,61,60.5413519595,10.4147413826
122,26,49.8085156296,8.5229835367
107,10,70.9724304162,18.0552215745
313,78,50.2945823982,13.9849187367
313,79,103.0733925928,-15.4945308559
202,38,19.6937665682,0.6464180184
122,25,60.4926724363,2.9839385620
315,83,7.9125587288,4.1087296426
222,60,48.7929493635,-0.7824421729
322,96,37.6968233571,7.6539963807
101,2,19.1226751900,2.1168502225
307,76,35.4318526928,20.8322094421
222,63,59.2235948452,2.6200225713
115,18,1.3108354584,5.1761084965
207,43,3.5656339931,20.9480812360
102,8,51.8292089905,-3.8169248710
322,92,64.3284145071,-0.2162151223
107,9,23.7474587164,-9.9769201821
123,32,59.8705054916,-64.3378988792
315,84,6.7663399086,3.9932779302
221,57,354.7773427236,50.6426645184
122,27,64.8560599637,6.0150598533
121,24,335.4033848549,34.1842884095
314,81,0.0000000000,-18.2316741312
102,6,13.0144276774,-2.6701031450
213,47,142.3296316444,22.1685712381
302,74,29.8809532419,-41.7770838289
115,17,4.0196754497,2.5983723242
222,59,63.0935827320,0.8371244090
116,22,104.5936804770,-0.7698356381
101,1,21.0980843750,0.4905007789
307,77,41.0619379545,-10.3908831694
322,95,48.7232790751,0.1356117251
215,54,76.4873892030,28.7008634944
202,39,12.8271166310,-0.5415622740
301,67,12.0010565684,3.4268674372
316,88,98.5166175852,47.2426488614
122,28,48.1347151896,-0.2744446678
207,42,54.7436313960,-7.2607993094
223,65,92.8290281724,2.3362662311
215,53,0.9817553507,3.7844963207
218,56,447.3368609044,60.1203486738
323,97,100.8065222867,-13.8979972876
122,29,46.0108246192,1.1096869063
107,11,27.8186724649,-3.2076786309
113,14,85.3256924676,29.3264546673
215,50,0.5175373688,3.6278013134
222,62,46.1219758008,4.3340487523
113,13,71.0870192157,14.0308090242
223,64,92.8290271546,-38.0272247014
302,71,19.5955822536,-3.5685630466
315,87,112.6522419177,79.1728333301
216,55,80.9388390790,58.8731240804
315,86,2.6756995047,5.1814401753
322,93,58.5578391775,2.2864542606
102,5,12.2260888002,-2.9240147454
301,70,20.1666026700,-31.9039996328
102,7,51.8292089757,-35.3030622788
307,75,54.3006969872,9.4002847226
215,52,3.3126545354,1.8939149524
101,3,49.4736149391,-14.0685190937
322,94,42.8174366340,2.4937896352
101,4,14.4022746753,-8.1612657568
323,99,135.1608101236,23.0462747015
114,15,0.0000000000,-4.8500413800
207,44,23.0531246215,26.0814914931
123,33,173.4403183064,-3.1235158764
301,68,10.5679954740,-1.0433590914
323,98,100.8065224272,-10.0068098393
123,31,59.8705056581,-19.4312480238
215,49,3.6996802820,1.9527379110
213,45,63.6397572300,-3.7121530067
214,48,0.0000000000,23.6897616406
202,41,14.1954733109,-44.0937272376
302,73,11.2111135911,-10.5202725840
213,46,67.3495829308,20.9478461745
118,23,298.0692571308,48.7277531429
315,82,1.6048290297,5.2325669425
115,19,3.1336205491,1.2805894770
115,16,6.4868245729,3.7410405692
318,89,341.8851624896,59.6165374745
122,30,40.3264099666,2.3561008876
222,58,44.7866261125,6.3579344760
301,69,32.2643571357,-22.3697278630
115,20,2.5708714634,2.8788867122
115,21,58.2766298123,40.9925280453
202,40,14.1954735941,-42.7939791638
215,51,2.7695167844,2.7469358285
113,12,83.2825907430,-17.7169139978
201,37,42.0037409103,-15.3389276788
223,66,120.0430548809,40.4536852685
313,80,33.6438436700,35.9572431336
322,91,63.7265548067,6.4098654321
315,85,1.0205444148,3.4262755555
302,72,15.0117541426,-0.5453057216
201,34,10.2702141344,2.9525966749
201,35,10.4390226585,3.5193260374
--end of generation dispatch
