--generation dispatch
bus id,unit id,pg(MW),qg(MVar)
322,96,63.0346595601,0.4880630060
321,90,401.4034998324,104.4608643415
213,47,45.7005291385,10.3725385332
202,41,16.4856630078,-10.6077297140
315,85,0.4210505720,6.1239398371
223,65,62.4731475330,4.8312156056
302,71,20.0368282427,1.3015097859
116,22,64.2500822406,-44.6568885530
122,25,47.0852148382,4.7419571078
307,77,57.6772880729,5.0637868163
101,3,55.9805389002,9.8162392935
201,34,14.4155040197,1.4213765929
122,28,62.0556378190,-1.0678682215
322,91,51.0239645897,-1.5355425786
323,99,45.2474847678,-6.9037637035
113,14,70.3247623110,8.6633935416
218,56,341.8905180694,109.0924523248
302,73,17.7950560096,-10.9032695312
201,37,39.3768752998,0.9941893774
201,35,14.6505752497,5.2216889845
313,79,70.0321849704,1.2230209555
202,38,15.7443435039,-0.3235952000
115,16,3.7746239826,4.9086570850
115,18,4.6720727328,4.1756169440
301,70,25.0512019902,-27.0281624586
215,53,8.6925924593,5.5645015799
316,88,47.0993350971,78.7126866551
301,69,25.4439791594,-32.2108402841
201,36,42.1862754989,-41.1243557346
322,92,43.5670372064,8.5344163408
302,74,39.2750383987,-18.1035596863
216,55,87.2215493799,37.0321201179
101,2,10.7466361971,4.3619340297
113,12,83.8796767813,5.4148360572
322,93,52.2541627440,3.5742475734
122,30,59.8524702864,2.3290626401
301,67,15.6480951300,-2.1623660045
123,31,64.8086307829,-57.1161014254
322,94,52.6049634407,7.5263809489
215,51,3.0153566398,0.9276103363
314,81,0.0000000000,-15.1950842321
101,4,55.9805389098,13.7341321124
223,66,164.6505082161,10.6061905279
118,23,328.9290766234,127.1235891994
123,33,175.3252329691,1.4731804320
102,8,77.0272404833,-22.1926407355
315,84,2.9335905565,3.3417642634
122,27,47.4352816085,-7.1156922849
202,39,17.4295167226,0.5181822672
221,57,324.3491860939,42.8251700997
307,76,30.3318550903,20.8539762442
323,97,40.2561684447,-26.5922430933
215,52,2.5677572772,5.1518862544
101,1,9.9240387310,3.0318572265
102,5,18.5045159443,5.7395535398
122,29,55.9039330634,-3.6703008556
302,72,20.3851480558,-1.2989081614
315,86,3.0905589795,5.5646888817
323,98,60.8649395388,11.0890860530
213,45,82.3119944882,28.2294674843
107,9,71.0484699090,4.1663680895
215,49,4.1876756908,3.6317035218
102,6,17.6580557389,2.2177462944
123,32,77.2982311484,-59.1887690847
214,48,0.0000000000,104.1489132774
307,75,57.7543780638,-20.5637208861
107,11,69.1783679793,3.6586888510
113,13,82.7311429557,16.4019376882
322,95,52.3939522205,1.9886490430
313,80,38.8781505587,-3.7434087733
202,40,4.3284917292,-40.9174974878
301,68,15.0383372582,-0.3093183504
107,10,26.7468174023,14.9836942550
115,21,64.9402634655,-5.0308684443
207,44,63.2343309757,-3.6352961291
115,17,9.6122903840,4.9421636732
318,89,284.3876598685,126.7022054531
223,64,58.7281521439,-8.7451487874
222,63,43.8955598523,5.7498775196
222,58,48.4130203526,1.9939911516
215,54,62.7975331564,44.0640673176
207,42,17.9934277094,15.0070965830
222,61,60.0831420708,3.9763183686
313,78,120.3161176028,-7.5156317900
115,20,0.1550865831,3.5204419985
222,62,47.4460732390,1.0804477237
315,82,2.2844394285,5.9133674595
315,83,0.5369868395,4.3167924854
215,50,2.7122979068,1.7377211011
207,43,27.0481756341,16.6108249756
222,60,62.1290377889,7.6992682446
213,46,79.4880940787,-10.9167488664
315,87,42.5407435735,66.4175307422
121,24,354.1937229588,155.1218973487
122,26,60.6544411986,-8.8655735542
115,19,6.9654860302,3.3833437679
102,7,74.1178940738,-12.0108235037
114,15,0.0000000000,-24.8732110963
222,59,49.9004150124,9.2455808854
--end of generation dispatch
