--generation dispatch
bus id,unit id,pg(MW),qg(MVar)
107,11,49.1802470840,9.6065044767
207,44,54.1203068395,26.5302506447
123,31,90.6619322309,-73.2155975436
218,56,275.8982376729,-1.1903445843
115,19,8.1695499586,3.8000923009
215,52,0.7698229235,1.0079528179
315,82,2.9130671715,1.5175968875
301,70,28.1650945674,-4.5536177404
107,10,25.9703581850,-19.1131572848
202,38,13.1659107750,3.5804232538
301,68,13.6551957344,-4.7937240646
213,47,58.2495362951,-8.8437460755
322,96,56.5922221396,2.2879076305
215,49,2.0980205694,0.9571531412
323,99,209.4436168871,6.3129237101
101,1,21.6274434826,3.6054799035
222,60,61.2466782114,7.9125391865
115,18,0.6695978324,2.3228936794
315,83,7.2718351249,1.9021633819
201,36,0.0673207888,0.2177184091
215,53,2.7772124222,2.6098563315
107,9,28.4219031862,9.0685539095
302,71,14.4556196851,-2.3833163446
222,58,51.5712912675,-3.5754373148
323,98,30.8811520717,21.0750617471
214,48,0.0000000000,88.8016425472
113,12,88.4598781120,15.8867832294
318,89,297.0744007398,68.9188348040
202,40,20.6477664878,-17.4639300247
314,81,0.0000000000,48.2150603172
315,87,36.5673710006,57.9056512216
322,95,59.2410502321,9.9335070202
115,17,3.9371396642,2.1378787750
115,16,1.3302047602,4.1244580160
316,88,111.4855020869,39.5032988580
102,5,10.2525958587,2.8419821700
315,85,6.5099738965,3.6637306772
114,15,0.0000000000,-76.2040896659
223,65,91.5307581610,9.2028376367
102,7,80.3447036300,-11.4574050744
215,54,108.6280537721,-42.0562103797
313,80,75.5874904561,13.4656170573
322,91,61.7776924739,8.5969840727
201,35,14.9224623759,6.0180898803
123,33,222.3196290070,-77.5425930132
302,74,39.8738954791,-10.3586003669
113,14,79.8814101605,14.3342666386
122,27,60.7694456697,-0.4484242862
222,61,53.9713062873,7.1115761492
221,57,254.1820351359,37.3325357151
122,25,35.2336789685,-4.7455658506
301,67,14.3700712807,-0.8697859727
302,72,12.4588265894,4.2960899402
102,8,91.1849212851,-17.3283354982
102,6,12.9001701951,5.8331980240
101,2,16.5856828202,3.9158072424
216,55,87.1669330143,65.1868476852
202,41,3.1979106086,-33.2620295662
101,4,67.4365835580,18.1105572168
321,90,471.4353763774,124.2518780148
215,51,0.5886444541,2.3879866033
301,69,0.0670517733,-34.7290881799
101,3,67.4365875543,5.6077397188
222,63,54.5349544139,4.4562464918
307,75,5.4411687702,16.3542205450
122,28,61.6591038270,-0.8518151456
302,73,13.5803577580,-48.4559016147
307,76,77.1595426086,-15.9973630772
215,50,4.5948771387,1.9824444496
115,21,5.8548690760,69.1670370069
213,45,88.8050905694,7.3452361866
122,30,37.2307298373,1.7026984173
123,32,96.7938794289,-4.8002418133
201,34,15.0280833718,4.0441274061
322,92,53.2502178633,-1.4538144022
115,20,2.5879700201,3.4976725708
122,29,53.9646617713,6.9881005752
207,43,25.0785962818,1.2513610387
315,84,6.0567536940,5.4302896503
116,22,23.9060608130,-24.3472877256
307,77,22.6356073562,14.9389817356
122,26,45.9828092711,5.6915644432
202,39,9.9798238861,1.6765640203
113,13,48.3744088157,45.9829799093
222,62,57.3272166300,3.9262747128
201,37,5.5885219527,-11.8663554734
223,66,147.2336593606,37.7399153411
223,64,105.1460795981,-31.2089771056
207,42,47.6613235252,19.0018017499
222,59,38.9649099103,3.4935537784
322,93,63.7090713059,7.3356021635
121,24,292.2885589710,96.3305790926
313,79,45.9314630557,35.8116640170
315,86,2.7079772211,1.5331334062
323,97,74.2454179231,11.9239786263
313,78,15.7729256022,-16.3373829618
213,46,37.5357314954,14.5641592617
322,94,35.8443138230,-0.1053504814
118,23,391.2454100761,86.1106222174
--end of generation dispatch
