--generation dispatch
bus id,unit id,pg(MW),qg(MVar)
207,44,10.9337966470,2.2326962908
301,68,11.6514915760,-3.0577791344
322,96,61.2919461918,-1.0608811319
307,77,48.2821323504,24.2383841579
107,11,19.9911186319,-5.2410230990
115,20,2.1636016767,1.9967093845
115,18,6.0840276174,3.1614001949
207,43,7.0249788950,32.3223576210
116,22,75.8068085026,-55.7228932804
322,93,45.6394788580,8.0576409180
322,95,38.6019412293,-1.1468323647
102,6,9.5690408942,3.5019123030
113,13,100.0105014492,-4.7989524889
101,2,18.4082318000,-1.4354507745
123,33,251.3943952847,10.1614055409
115,17,2.9924718234,2.8972674706
201,37,13.1068532764,-7.4049525973
102,8,68.0549068477,-10.7309999658
115,16,0.3070915412,2.1210074226
301,70,13.8109956969,-32.8414701473
202,38,21.5293687378,0.4017390180
322,94,50.0697643454,8.4779686931
223,65,81.1716829573,9.2291757470
118,23,397.0606360267,181.4630066611
214,48,0.0000000000,88.1451047201
222,62,62.1993712280,5.2197483492
102,7,68.0549106749,-25.8788065237
123,32,48.6362391515,-15.0092004038
315,86,0.5837285087,3.6113596391
323,99,213.0992606767,23.6601295251
201,35,16.2960774278,3.1135862403
113,14,112.7800507251,-12.6683983679
215,50,4.9603150868,4.4050680232
215,49,3.3429835773,2.4768112808
307,75,5.0887329576,-7.1339121811
321,90,400.4216287972,32.4586788683
315,84,7.1496080288,3.7527010141
318,89,322.6545470366,44.2266620324
202,40,13.4066214011,-32.3240569154
201,34,13.7298574816,1.1993619646
107,10,37.6712190044,-12.5315872330
301,67,16.4283111060,2.9839823233
322,92,57.5524217686,3.0620084842
313,78,104.7839211961,12.5139799063
222,60,63.7851529536,3.5713655608
107,9,21.0799905331,30.0953445977
115,21,32.2604459281,38.4950181856
315,82,5.9958238804,4.8683944068
122,27,59.9073157062,1.1082394671
218,56,442.0117358421,97.5986981933
122,26,61.9722678767,-7.0259762075
207,42,22.2428512163,-0.0784936734
313,79,131.8888113276,40.8762757744
122,28,59.4250631936,4.6449136249
213,46,33.7641805053,-17.8490694710
223,64,79.0467777512,-24.9487676568
101,4,42.2510385093,-23.6424604872
322,91,55.2771086390,-1.2892129191
301,69,13.8109990033,-22.9553586438
101,1,13.1954083944,-0.0175220334
121,24,324.5623713811,38.0191179240
216,55,53.2892987192,98.3892188450
215,52,0.4145017244,5.3728509720
302,74,14.1586621306,-24.2259026906
222,58,48.0122814249,4.4935745530
123,31,99.8271688605,-87.6076727874
323,97,106.0248920970,-10.9169692202
215,54,89.4140492642,62.1237664238
315,85,0.1160917908,5.6035677274
122,30,51.5449703786,-0.6884762182
201,36,13.1068638502,-37.3326803565
222,59,50.5812032977,-0.9261047302
323,98,106.0249535356,-54.7430363968
122,29,56.3334131426,5.9532005592
307,76,25.8222656754,-3.4129116098
302,71,20.8294413009,-0.1029057039
113,12,135.0269973505,-11.4142593294
114,15,0.0000000000,27.6384638943
314,81,0.0000000000,67.3693380302
315,87,90.5590383583,87.8323875837
302,73,14.1586756847,-41.2178703552
302,72,14.2954736251,-0.7921005074
221,57,312.1922457559,72.0825873353
101,3,42.2510300941,-34.4690946132
315,83,5.4643591034,3.7135937172
122,25,56.3565196957,3.9128161232
316,88,98.2430862411,60.4392591736
215,51,5.6363416363,3.5309020048
222,63,52.6501439898,6.7561325884
115,19,1.3184062688,4.4958567917
213,47,69.7574225896,-0.4227389680
202,39,18.1559847773,2.9983903169
102,5,19.9442912244,-2.2565319598
222,61,47.1089585861,5.0778183473
223,66,121.7225214299,33.9683973945
215,53,3.1859236809,2.8119968885
313,80,18.4538912242,10.1892769515
202,41,16.4811278056,-28.0398160744
213,45,55.3375275761,4.9158152331
--end of generation dispatch
