--generation dispatch
bus id,unit id,pg(MW),qg(MVar)
115,20,6.9185168073,3.3509131339
202,41,8.5621657357,-20.4887781528
222,62,49.3347358864,4.8607170314
223,65,57.2270303382,-24.1802399535
301,67,19.6068706232,3.5655271974
202,39,12.2394355471,2.4262902746
222,59,64.4194580193,3.5452998894
114,15,0.0000000000,-12.7965283802
315,86,1.3754733355,3.6899503242
101,1,11.0242138108,2.2461439744
202,38,20.6187342124,-0.9887387708
107,9,28.7425604637,4.0120467819
215,51,1.6619042539,2.3596839568
123,31,77.9134443756,4.4829513633
207,42,6.7429364964,-5.6942715428
222,63,46.5074822979,5.4890332824
322,92,62.4460796511,-1.1656634392
213,47,7.5670469548,28.5298587473
122,26,59.8964039619,5.4798673875
213,46,60.9169255018,19.6264611858
101,4,40.9481266205,-14.9331921795
221,57,379.9138896983,65.4225320262
122,29,41.6448608028,-1.0276898486
122,28,41.8405205115,7.6932824881
307,75,39.1535850277,-6.1138058111
302,71,22.5150451078,0.1587103302
102,5,20.5081838642,-2.9524892892
222,61,36.1665929875,1.6552635467
222,58,49.0675955799,4.9869886566
316,88,84.5995823993,82.4767575996
121,24,283.2191492216,175.1720811247
102,8,51.0454861378,-18.9018162554
215,52,8.1745132305,3.1478936417
315,84,6.1697606577,2.8683295881
301,70,19.4214821916,-30.4291788855
302,72,20.5242316004,0.0921163510
123,32,50.6641004246,-26.6004718204
201,37,47.5537114588,-19.8744510965
213,45,83.0174320717,5.3580054607
313,79,64.0923839214,-19.7270406247
113,12,80.4132687920,-6.2441708058
215,53,1.3039396804,5.4957793025
123,33,289.1375312824,40.9593328209
122,27,59.9641942173,2.0034519800
323,98,102.2179543371,-13.2483983597
207,43,14.4834165380,-14.9410059533
116,22,73.0947175435,-35.3277755181
102,6,11.3961183847,2.0596154808
201,35,14.1557937569,2.2206050215
323,99,201.7064409708,60.0545511165
218,56,338.0070343711,107.4488421529
307,77,2.5702936505,1.9603616455
322,95,43.2883925631,-2.2446807365
107,11,46.8966447096,9.0008482940
322,91,54.4155786757,1.3368826188
216,55,46.8988520023,66.0777634413
115,21,19.4175223326,4.9638465425
201,34,19.0944443376,1.0894407242
101,2,14.2225822059,2.1783971516
302,73,3.7713937736,-37.6343461424
322,94,47.1771855570,5.6088719950
315,82,3.8001116363,5.0366519342
214,48,0.0000000000,35.4937637630
207,44,50.9824596287,35.2864502356
215,49,0.3385644929,4.1590579422
215,50,1.2858535001,5.5718033781
307,76,60.6442445633,22.6697034029
215,54,82.5627327671,66.7146660814
315,83,5.2856510811,5.1501752308
115,16,2.1738292369,2.4535175096
223,64,82.2354987056,-22.6041246298
322,96,38.9919185231,1.7132717135
122,25,42.4722701973,2.4255806049
301,69,37.7834200456,-21.8242504664
323,97,59.3037752667,-19.4534057821
202,40,39.3540322840,-28.5100100657
115,19,2.3787915789,4.0806395969
313,80,55.7864418267,21.1391516759
315,87,69.8843181799,54.0989805220
222,60,49.3798894782,0.0908117175
122,30,50.2220046926,1.7870012680
313,78,84.3591203342,-15.1769635258
314,81,0.0000000000,33.6962073903
115,17,8.3901843831,3.0786329205
102,7,51.0454896225,-15.0228364481
322,93,61.3496250577,5.2512247135
113,13,50.7225551160,-1.2298518347
321,90,386.4329530623,77.5303418679
223,66,52.5754986816,37.6298862453
118,23,499.6491411531,26.4858301447
115,18,3.8908080313,2.7152025137
113,14,84.9840656325,-10.0006586860
201,36,13.9863570941,-22.0407174726
318,89,411.0384122053,96.6742356862
107,10,48.5275685997,23.2802641159
101,3,40.9481266787,-33.2512715682
302,74,9.5514638665,-29.8909673679
301,68,19.3506856051,-3.5844744305
315,85,2.1920244215,5.4095634594
--end of generation dispatch
