--generation dispatch
bus id,unit id,pg(MW),qg(MVar)
122,30,37.0636594544,-8.6329618527
122,25,55.8733832595,-5.0704874942
115,21,25.7061719143,-17.5789093099
223,64,91.9237739058,-58.8225132436
116,22,39.0688512575,-78.1390221539
215,52,6.4445725705,4.2986350340
215,49,2.6873840134,2.0940222594
115,18,5.4001907250,0.7605678929
313,80,18.7642617175,14.3672173837
302,72,18.9543976928,5.7904141413
123,33,148.4205731537,-50.8027921774
201,37,41.3602911129,-5.5094039774
222,62,47.7147251987,3.4283511392
115,17,5.1763887626,4.6864131494
215,53,1.4748669876,3.7966983448
207,43,0.3178123340,-3.0288266238
301,67,16.6870740039,1.2567112368
216,55,4.8628040480,87.4893310813
315,82,3.9132784247,4.5675535982
318,89,485.6717462667,60.9981899179
101,3,60.7965465944,-31.1154066895
201,34,15.4235144920,3.4767382661
322,93,38.4514148737,2.3991774103
123,32,94.4512607879,-8.6186014947
122,26,46.3112245050,-9.1555927451
322,94,63.7272794958,1.5151236034
114,15,0.0000000000,4.3462061823
121,24,444.6170944497,76.5680132599
122,28,42.9222713659,-2.9168941118
315,84,3.2719663096,2.0869283634
323,98,102.1886509158,-38.8083682924
202,41,56.5875745771,-29.7293970244
215,54,53.2863975136,40.8634828653
101,1,16.3285362789,1.9120852806
322,91,60.8636749763,2.6598308411
113,14,95.8187006573,7.0260108395
222,59,52.2221063208,-1.0847125384
323,97,102.1883681849,-10.8720780602
307,76,28.9311626829,12.5769004587
313,79,35.9671867316,39.8464518645
123,31,10.9136315058,41.6858654414
102,6,16.3706875200,0.6407377309
115,16,5.6729527525,3.0238743748
213,46,98.3603627796,27.5580209814
218,56,402.1280068585,85.0480799403
313,78,77.8837236909,-9.2568210516
215,50,1.7413510249,4.3293161185
314,81,0.0000000000,1.0069672149
316,88,88.9020773327,90.2249004896
115,20,0.8758817961,4.4229172454
222,58,39.3231065352,9.1657813662
207,42,21.8726643521,4.0196856956
322,96,38.1272272504,7.6240948656
201,35,13.3876946319,4.9753418271
223,66,39.4265546270,45.2464119197
102,8,73.4738510401,-20.3268340099
302,73,18.5031432836,-19.7928777898
315,87,82.5709194531,91.8978916737
222,63,60.4153276552,3.6916652073
107,11,56.8669510912,-11.5908432663
322,92,45.7048220345,4.2774421328
302,71,11.3972712984,-0.0804520098
207,44,35.3005483275,14.8656554452
202,39,14.7733164087,6.3050725643
307,75,0.5858151828,13.1045170518
222,60,39.1443531672,2.5242581223
301,68,16.6767906365,-1.1344672387
302,74,13.4178774952,-24.4458623938
322,95,42.7883031191,-3.6143789717
223,65,71.7388866154,-27.4914498925
113,12,97.0289589778,8.4085763455
307,77,18.2206157407,30.8166942314
202,40,21.9812936050,-46.7806502254
213,47,78.9771382861,17.2601766317
301,70,29.3401997509,-34.3177592005
315,86,3.4967074157,4.7286671258
301,69,12.9323477693,-31.6085499504
315,83,3.2457629497,2.7119926855
107,10,34.1434550756,-10.1620294935
315,85,0.2001028509,4.1890328238
215,51,1.4761855884,5.0142489296
118,23,460.2009980496,210.5339727158
101,4,60.7965249901,-21.4827914553
101,2,17.2566948385,-0.3027323009
102,5,15.8303507299,2.4657071906
102,7,73.4738619317,-20.8681417020
202,38,14.4897250297,5.7053173034
122,27,38.1338316264,-8.8860732989
115,19,5.8634038773,2.3467695737
213,45,62.2831372278,-8.6349032948
323,99,216.1537601345,39.2558939073
113,13,100.1155849228,20.7682686818
201,36,33.7750517803,-7.1357965885
321,90,313.1196809267,56.7399426739
122,29,62.1578211725,5.0569975175
107,9,4.4290884702,5.4870901998
221,57,417.3426411819,54.0589248789
222,61,61.0456182053,1.1333611534
214,48,0.0000000000,-36.6349812158
--end of generation dispatch
