--generation dispatch
bus id,unit id,pg(MW),qg(MVar)
222,59,45.6872291312,5.5636720138
222,63,62.4532929583,6.6123165631
302,74,10.8747175579,-43.5992889102
123,33,71.1662459747,46.5104667662
101,2,21.6840742604,2.1720971329
223,66,260.6913345874,-40.7095624433
323,97,84.6679507316,11.2994693014
102,7,63.7479117561,-16.1881218310
122,29,41.1633119026,10.3440613417
207,44,39.1531917068,-4.6241922748
102,8,64.8720867268,-26.4996381201
222,62,40.2024447996,-0.1949816102
313,78,42.4960372971,33.9867581947
215,51,3.2518198430,2.6200502966
323,98,104.0866618149,4.9172515354
315,86,3.5562632148,2.1474494977
213,45,37.5285136761,16.1063694745
221,57,518.0287973967,84.9817747037
121,24,392.5421943164,65.5006579701
222,58,37.1346478219,4.6326369520
215,49,2.3152107949,3.3320124370
122,30,56.2217375885,7.4621894681
302,73,13.7899529261,-27.9064870153
313,79,117.0428821462,-12.6022478940
318,89,313.3602407976,95.5589096482
223,65,7.8286984309,8.3398841189
113,13,27.2411022692,-24.6279672054
313,80,77.1900812202,-15.2478720507
215,52,1.6053520336,2.6682134504
107,10,39.4948794204,17.4854575061
302,72,20.6145863752,1.7684442338
301,70,27.0710365282,-17.4195740791
214,48,0.0000000000,6.9374465013
115,18,4.4785696765,3.4641460698
315,87,66.0060596586,60.8227323010
215,54,27.6017200131,70.8717131114
122,27,51.6829717710,10.6088538570
213,46,46.3877202523,1.5420223556
307,77,6.9126445777,4.6380125566
222,60,41.2196487150,1.7494135113
218,56,309.5200088823,95.9189468635
107,9,50.9766214528,-1.7717390719
314,81,0.0000000000,77.5525104119
201,34,14.7705630239,-2.1933711735
101,1,18.0281708554,-0.9770119262
113,12,152.4253004433,-13.0939542218
101,3,47.5482721813,-24.4400719301
322,95,57.2965445496,1.5317186717
307,76,69.4369786442,8.1585208266
122,26,56.6637155243,11.9954557486
202,38,15.1845378233,0.9055946256
115,17,4.2092828075,3.2111413136
301,69,10.4279820373,-30.5096781512
321,90,517.8183863152,118.3456341746
315,85,2.7146201739,4.4143281307
102,6,16.0430420367,1.6523325884
302,71,19.9205140774,-1.6458277617
222,61,42.6482386383,-3.4933015826
315,84,7.3547496137,2.8491168110
207,42,41.4184438879,5.9434989356
323,99,104.5774043181,22.5712168941
116,22,86.5598873287,-52.5623898296
201,37,20.5898628136,-27.9684347502
322,93,46.6683683159,-3.4372704358
316,88,62.6021799088,85.1638867962
115,19,0.3775381564,2.3306688370
101,4,47.5482720826,-35.1945928447
201,36,2.1316650059,-0.7699391711
322,91,63.7730060877,-1.0569149210
115,21,74.9255625955,-11.6509549861
202,41,33.1069319140,-29.3686402502
115,20,5.8081381458,2.1554680957
322,92,58.6091170447,0.9637294148
202,40,5.3854172054,-4.5752269760
315,83,4.6528843935,3.2780941034
315,82,3.3701475092,3.2004370730
301,68,13.5134432358,0.2670806742
113,14,83.3425082623,-27.2166764140
114,15,0.0000000000,58.3781499889
301,67,9.7127620782,-0.6384621513
123,32,19.9181736325,-4.0871847272
215,53,3.6235946231,5.2505198839
122,28,44.2736755723,12.0722476923
223,64,24.5910521923,-2.4547404931
118,23,401.8951725706,112.8330548207
115,16,7.9292904441,4.2095536680
123,31,72.6235741067,25.4971008902
202,39,10.8764918116,4.6675337482
201,35,14.8384479298,-3.8082183473
215,50,5.3855004710,3.4252201354
122,25,59.1475112496,9.0601967786
216,55,48.2119115955,100.1903727889
307,75,49.9765933410,4.8936648812
322,94,49.5532215187,0.4523855311
322,96,39.8199615777,-3.7172713728
107,11,14.5474734518,-3.9310343709
207,43,53.2903711183,15.5878424599
213,47,20.1239835050,-16.1471682248
102,5,10.9713868555,-0.3800914513
--end of generation dispatch
