--generation dispatch
bus id,unit id,pg(MW),qg(MVar)
30,1,2172.1509454038,640.9080890320
36,1,726.7904096686,545.2091981024
118,1,1246.5001641289,1731.8978789851
4,1,649.6692680253,-92.2312529596
162,1,477.4542219075,140.6510480860
13,1,486.1668460543,185.5090017320
70,1,648.8449610172,-220.4002352244
40,1,426.1174158087,-50.8039216954
77,1,2546.9208297235,-406.3626281968
149,1,864.6824041698,97.7740681714
79,1,4809.8871688448,-1011.0932943111
43,1,364.9280417126,59.1499843478
103,1,544.3734749630,-229.2504388255
15,1,957.3391606184,533.3467419818
47,1,60.2464672728,14.3318613801
140,1,1086.6669457494,915.9025515591
35,1,1438.0984165727,585.2079910745
148,1,949.3320499280,-10.0429194072
65,1,1601.6979962817,356.5270812046
159,1,850.4725663693,-80.4999719676
112,1,695.0875370712,-139.6853648975
116,1,622.6164781762,-8.6479279286
18,1,256.9609080275,-241.9260251351
144,1,1627.7938185461,150.5600949756
9,1,1294.9967278758,559.4081470407
138,1,414.1178270373,-219.7152410446
6,1,685.6123106496,-66.1039438167
11,1,1103.2659996265,-45.1570750464
45,1,1196.3256719447,298.2046061816
--end of generation dispatch
