--generation dispatch
bus id,unit id,pg(MW),qg(MVar)
201,34,21.6904898663,5.6550427441
307,75,68.0462956536,7.0636816219
222,61,51.6320415550,5.9070548965
315,84,1.9608240166,5.5907257932
213,45,37.3635589029,12.1493622766
302,72,16.1501870082,-5.7900268354
315,86,1.2663060621,4.7274612335
202,40,6.3879492083,-33.0729205640
222,58,41.0630116972,4.9308787198
116,22,90.3950424846,-67.0833093118
122,25,37.8172275781,4.6846227296
323,99,212.3921528636,-14.7984099863
322,94,35.1765906094,-0.3479666935
213,47,117.6701678707,16.5836158111
122,30,43.4538593896,7.2425301631
307,76,29.9917223744,18.7274722454
315,83,0.3696124548,5.9273866789
222,63,38.4598934196,2.2963554293
107,10,4.7535710249,23.9990351101
115,17,3.2729294879,1.1581874920
115,18,6.2468632164,1.3227453189
313,80,34.7583285488,-13.9641392522
302,74,26.4032759483,-19.3153185969
122,28,52.2404093792,11.2125180762
223,65,120.1229002210,-14.0603392621
315,82,8.4728868490,3.6874555334
315,85,1.1364075477,3.3758777228
221,57,283.2326399030,33.0611577217
115,21,92.2960425748,14.2726040004
201,37,11.5093484619,-0.7171724196
222,60,50.6219230929,1.8630496576
122,26,46.5217751388,0.4253946893
202,38,16.5547604924,1.9643928503
313,78,65.9535085285,-22.8017041923
101,2,15.7915412014,8.1836027406
101,3,56.7392606022,14.6603223379
207,43,21.1064771431,20.6882383767
113,12,23.0380706273,28.7358985301
202,41,13.9493495586,-24.3023677980
313,79,101.5972260050,15.9510839242
207,44,8.9972557750,11.1455164852
318,89,419.3925770267,59.3761652058
323,98,50.4740861704,16.8488563365
321,90,394.6854869422,40.1862101018
115,19,5.2341547283,2.8778774744
102,7,88.3123502880,-11.8689196082
213,46,43.4959494050,21.3921767257
107,11,18.8250010151,-1.6599991167
322,96,59.9991047574,2.0350474885
122,29,48.4050577933,9.9572672357
215,54,109.9105356779,-34.7060289759
216,55,77.7122844490,35.8748654634
322,92,42.7725522668,-4.1688139773
201,36,44.7430070254,-5.1316781836
115,16,4.2308651236,4.4240486612
222,59,34.9864192923,2.9174704679
223,66,90.2137312925,70.8572383972
123,32,75.4374771380,-35.2325996245
301,69,25.3799536097,-40.6539164243
115,20,3.9899589709,2.2638350516
302,73,36.9445503951,-25.0593299605
222,62,50.4093770135,0.8408574195
301,70,1.1737894619,-26.1434471984
113,14,80.8286130586,25.7420591541
121,24,467.0097041104,175.3697864486
301,68,17.0205188824,2.1861902263
322,91,47.3442313593,4.8940219772
314,81,0.0000000000,23.1063177074
118,23,361.1644459033,58.2980005903
101,4,56.7392607506,2.1439483684
113,13,47.4767345197,-20.9256329127
215,53,1.3148669868,4.1677623017
307,77,31.6692189112,-2.6873347914
122,27,59.7400204309,-0.0037792233
215,49,0.5590137812,3.4284202390
102,8,56.1727705905,10.3946961005
214,48,0.0000000000,108.4082944805
207,42,22.7728157997,-1.5856189387
202,39,17.9704924819,4.0101653385
114,15,0.0000000000,-0.2692345385
215,52,3.5514916717,-0.1201639116
218,56,301.3513794211,64.8666158821
123,31,79.0607884544,-46.6799807131
322,95,48.6941189976,3.4583124469
315,87,25.4945684423,58.0357874306
322,93,50.1307951874,4.5584288202
123,33,199.1080357214,-78.1082209830
316,88,0.4021484445,67.3468231745
102,6,14.6112151457,2.9468405232
223,64,89.3281126697,19.7374904580
107,9,29.6572172447,-2.8816088214
301,67,18.6120318841,-0.0607511921
101,1,11.4315111022,7.8112848055
215,51,0.5332266861,0.9986244844
323,97,93.6638424937,39.7011020394
102,5,19.8599074371,6.2854554023
201,35,16.3717088748,4.4971791490
302,71,20.7408526663,-0.9575042265
215,50,0.3880955558,2.3757074721
--end of generation dispatch
