--generation dispatch
bus id,unit id,pg(MW),qg(MVar)
115,19,1.8255919186,3.1708372402
322,92,53.1865849054,-2.5950336103
323,98,19.0802262808,-16.8722989718
215,54,7.4871307507,22.4387850069
213,45,38.2389120363,-4.3973853206
215,53,2.3707384635,1.9533322128
301,67,17.6117479329,-1.3830667686
107,10,37.3239111500,-8.0865532453
122,29,52.3295336206,5.0265699609
307,75,4.6330631451,12.4278306019
207,44,49.0888261119,8.9894631130
302,74,19.2599554291,-38.0709358213
314,81,0.0000000000,46.3436203427
122,26,35.5793156767,2.8209684465
201,34,20.4027295667,1.3668524769
316,88,16.3359137712,92.5082055468
113,14,94.6409814055,1.7755558722
114,15,0.0000000000,39.8779718181
302,71,12.1476730126,-3.3112591114
322,93,54.3283968756,1.7067036389
221,57,312.9939876187,54.6721446449
223,64,14.3011921945,7.3608825729
102,5,11.9059254704,1.2190095245
202,39,18.5578321434,2.5278333022
215,52,4.1142195757,4.1776952911
302,73,29.2784472013,-9.2652858240
215,49,0.3450205652,4.9463101533
322,95,44.8871942574,-0.1262604008
222,58,37.0020442681,2.1030878110
301,69,37.9777420655,-36.6535053649
315,86,2.5664001877,5.5901127977
315,82,5.3653270943,3.6983696641
315,83,5.7290796049,4.0752269988
115,16,7.2045035065,2.1289243946
218,56,462.6776741730,115.5168269919
213,46,39.0057352111,37.6188035151
115,17,2.0481238927,2.5102150685
201,36,17.7464717663,-15.8711389165
121,24,376.9327397857,113.6088481023
101,3,26.7337072893,0.1343636388
307,76,66.0502909620,1.4490629983
202,40,16.7889663953,-9.1417359541
323,97,61.6913205223,3.6446813387
102,7,59.7371314488,-9.0074473807
223,65,21.8737740810,-58.6158296005
214,48,0.0000000000,13.3688679754
215,50,1.5951031892,2.4251726331
321,90,445.5126475889,124.7218644013
115,18,2.6004583634,1.6852257759
115,20,0.6509261600,2.1030421250
302,72,19.9498880402,-0.6963053182
313,79,45.3491279245,-8.8794971288
202,41,18.0552736597,-20.5190792376
307,77,26.7166424667,-0.9933368559
215,51,4.6820719107,2.2886080784
222,62,59.5134107505,9.5210337877
315,87,83.8972821204,91.4991547606
107,11,18.7506065237,15.0920343754
101,1,17.5584178625,0.3356638660
202,38,21.2922952558,1.2247145701
223,66,121.8461519374,-5.3083766382
115,21,112.2557343315,-13.1957738172
101,4,26.7337081836,-9.4547097341
116,22,97.6299298656,-17.8604067426
216,55,116.6190825869,43.8476115465
323,99,159.3531064442,22.8535712586
315,85,7.0376240782,4.7643543732
113,12,101.7054100972,6.0281290445
123,32,42.8964574993,-8.2586773141
222,60,56.5251160056,1.4649695885
201,37,36.0320834016,-15.5005644053
222,59,46.8128745669,10.5492528805
315,84,3.2764139306,3.3111522926
207,43,39.6266245919,7.6254485508
301,68,19.7596731596,0.9948088971
122,27,41.4291884344,10.4260343868
123,31,29.9543435443,-33.6126385047
123,33,67.3853967243,-3.2624828169
118,23,360.6986608940,50.7180511285
101,2,10.0475475490,3.2069300923
322,96,49.1422000189,-1.8351280962
213,47,100.9373703834,6.0902094922
201,35,19.1559445155,3.4755850395
318,89,505.2680219036,144.5015576595
222,63,59.7035688084,5.5911632942
207,42,61.4000458185,-9.7637669998
313,80,91.1416533427,-6.7805768765
107,9,47.9049838854,6.2523458936
113,13,36.9247616553,0.1855210337
102,8,53.8494799251,-2.4458294017
301,70,12.5582679770,-20.7624368877
122,30,40.7028916421,4.9844055826
122,28,61.4879223461,10.4831094457
322,91,51.0967815376,5.9276423091
102,6,13.6818225090,3.6554242368
122,25,62.2605014791,12.0736625866
222,61,63.3697632995,4.6221274646
313,78,55.6688750562,-0.7949523058
322,94,43.2706439832,5.9982225019
--end of generation dispatch
