--generation dispatch
bus id,unit id,pg(MW),qg(MVar)
113,14,79.8814843804,17.0728174419
202,38,13.1659183102,4.1367051026
302,71,14.4556272204,-2.3675647109
222,58,51.5804126997,-2.3278112988
315,83,7.2718396461,2.2431312252
213,46,37.5358057153,9.3624026899
313,79,45.9315372757,32.6525536000
323,97,74.2454763419,4.4918028918
201,37,5.5885506044,-22.3383977192
223,65,91.5308165763,14.8790978395
322,95,59.2501716586,9.5832276980
101,3,62.0236417128,5.3473894649
302,74,39.8739241268,-10.3431130891
307,76,77.1595802839,-17.8825331483
122,28,61.6682252525,4.6675749540
315,87,36.5674294202,60.2258002491
213,45,88.8051647893,1.8918289275
222,63,54.5440758460,5.2728364626
313,80,75.5875646760,10.2962550514
201,36,0.0673494419,-8.0246527691
323,98,30.8812104926,16.7250790122
315,85,6.5099784177,3.9898496979
102,7,80.3585685922,-12.8528056997
101,1,21.6274510178,3.5987885647
115,20,2.5879745414,3.2439261325
307,75,5.4412064455,14.8013047731
202,39,9.9798314213,2.2451097188
301,67,14.3700788159,-0.8833866860
102,5,10.2526033940,2.7674373361
207,44,54.1203445147,27.0355855829
207,43,25.0786339571,1.7713843265
123,32,96.7939378427,-4.0658580695
207,42,47.6613612005,19.5061832583
322,92,53.2593392898,-2.3915134603
201,34,15.0280909070,0.8749365286
115,18,0.6696023537,2.0896007075
115,16,1.3302092815,3.8126880671
314,81,0.0000000000,47.1327488057
115,17,3.9371441855,2.0175228596
222,62,57.3363380621,4.9091278997
222,60,61.2557996435,8.6448085970
122,25,35.2428003940,1.7879427053
115,21,5.8549274955,28.7130279825
202,41,3.1979392609,-32.6848399986
215,54,108.6281121858,26.3336898768
316,88,111.4855605035,60.8194789875
315,84,6.0567582153,5.6451837310
215,52,0.7698274448,1.4295134712
102,6,12.9001777303,5.7289838786
113,12,88.4599523320,18.3562308415
122,26,45.9919306966,8.4754928951
322,94,35.8534352496,-0.8417989127
323,99,209.4437487694,-10.3842508767
201,35,14.9224699111,4.0719052667
123,33,222.3197608856,-76.8050789991
122,29,53.9737831968,9.5071033806
315,82,2.9130716927,1.8765882324
113,13,48.3744830357,48.3389081720
301,68,13.6552032696,-4.8074352802
123,31,90.6619906448,-72.4787242569
102,8,85.8170075515,-18.6413130313
313,78,15.7729998222,-19.5323953446
322,96,56.6013435661,1.5375945178
122,30,37.2398512629,4.9360478726
116,22,23.9061192308,-19.8830209337
321,90,471.5083485431,146.4560853765
216,55,87.1669914288,39.0429487622
307,77,22.6356450315,13.0311959715
214,48,0.0000000000,71.1818000684
302,72,12.4588341246,4.3119891044
221,57,273.9414323705,36.3670139995
222,59,38.9740313425,4.7210254199
222,61,53.9804277195,7.8231768667
107,10,25.9703958602,-18.7205514204
213,47,58.2496105151,-14.3759476188
218,56,292.2952414048,70.8017012199
122,27,60.7785670953,3.8706549639
301,70,28.1651232169,-4.5675246795
215,49,2.0980250907,1.3424063627
115,19,8.1695544798,3.5835380401
121,24,292.3615305006,91.6487157104
215,53,2.7772169435,3.0601492532
223,66,147.2337912415,44.6150850461
202,40,20.6477951368,-16.8852286070
318,89,297.1473724633,123.5639721007
107,11,49.1802847592,9.9968676535
223,64,105.1461380131,-25.3246886676
118,23,391.3183816709,101.4118022027
101,2,16.5856903554,3.9100692514
114,15,0.0000000000,-75.6965317167
322,93,63.7181927325,6.7866034774
101,4,62.0236413629,18.0013540113
322,91,61.7868139004,7.7547766921
301,69,0.0670804298,-34.7430175295
315,86,2.7079817423,1.8739996365
215,51,0.5886489753,2.7408929341
107,9,28.4219408615,9.4611248076
302,73,13.5803864105,-48.4404478057
215,50,4.5948816599,2.2384630445
--end of generation dispatch
