--generation dispatch
bus id,unit id,pg(MW),qg(MVar)
314,81,0.0000000000,69.1094403483
122,29,41.5204440424,7.3241519656
323,97,121.8352650283,-22.5989792241
202,41,19.7867150519,-9.4156098390
313,78,94.1256641530,-8.6864383084
322,91,36.9986002048,4.9849168918
301,68,22.0844572670,-3.2891604249
115,18,2.5953874559,2.5485791167
113,14,66.2655600779,-25.0858564702
207,42,70.3394087544,-6.8302632718
222,62,57.7773024113,4.7533888823
223,64,119.3286304669,-16.1589775297
315,83,7.9423366339,2.2272974862
115,16,2.1132918401,3.7895469836
315,87,106.6530419233,28.2329083007
121,24,387.7820360072,104.7410434126
301,70,29.0115519055,-43.4686991980
313,79,82.8282249449,44.8115052187
113,12,101.7037958662,19.0148650211
315,86,2.5402274078,2.2010422617
322,96,61.2262942916,-4.1596272469
118,23,409.8361665353,93.6441584614
115,17,6.9717558369,3.3804685911
201,37,19.2576228147,-14.5006933350
316,88,112.8293654821,-17.4888849827
123,33,105.1160829131,1.2531880868
216,55,114.5064898795,56.0707801422
202,40,19.7867152308,-23.9280769333
207,44,15.5938309082,-8.8505527578
215,53,2.3213194112,3.4574362435
101,2,16.0211417686,3.2599571324
315,82,0.7146279124,2.3935952368
215,52,3.1050313663,3.3983575948
302,71,13.0812731020,-3.3401145320
302,72,13.7335325314,-1.8908480543
201,34,14.0704014537,1.5657236879
313,80,14.2986820046,13.0832356865
322,95,59.9861688836,0.8574460593
321,90,287.8842551418,26.1223178622
201,36,40.3134075230,-28.6437514291
115,21,61.0305519703,42.5581049307
215,50,7.1751747254,2.6442210272
307,77,47.9179884156,29.2414442833
116,22,70.0931348763,-17.7638697425
122,30,46.2975726830,-1.0999901167
123,32,84.9522052461,9.4148794409
223,65,119.3286306265,15.9899105640
222,59,59.0194111242,-0.0300446960
207,43,25.1933321485,30.6814823336
102,8,32.5656516136,-33.9230160303
218,56,368.2118687936,57.8940707613
222,58,48.1774965551,6.2095752639
101,4,37.0765660566,-41.9300314918
315,85,8.6409092289,2.2338796882
102,6,12.0849377803,4.2244715719
102,5,20.8911867135,-4.4192337027
307,75,39.6402619383,16.0442918188
322,92,63.5628704302,4.4765447254
322,93,44.6224642539,2.7903335379
302,73,67.5594853690,-37.7943729482
301,69,42.4495046318,-28.8845902476
122,25,61.4399452455,-7.0932136497
318,89,391.2043897033,41.0968700617
301,67,12.2972313700,3.1572721647
213,47,46.9166153909,5.2551997699
101,3,35.8213151126,-9.4364142494
122,27,42.8383984946,3.2958174267
107,9,3.3435041539,5.7215489922
122,28,37.9565609823,7.6259157514
213,45,65.3841945621,-9.6826976810
215,54,110.5673478609,88.4814607089
302,74,7.8008451500,-6.7622151153
115,20,2.8233410861,0.7601532180
222,60,39.5004620886,0.1725583282
202,39,9.2942540416,2.4107141870
107,10,58.8330816478,10.4342949330
107,11,29.5939539408,-14.2822311327
322,94,44.9308565439,8.7673121119
307,76,33.1649101991,24.6418332165
315,84,3.7088444373,3.2642710607
323,98,121.8352651356,-40.9934847198
123,31,84.9522052274,-61.1487539120
222,63,43.7906930287,6.7841532361
115,19,0.5140209894,0.6465502861
223,66,170.2611277630,44.8176120848
122,26,40.1026967884,1.0962864537
215,51,1.4778511048,2.5823816564
221,57,423.7710631796,59.3381123755
222,61,59.0112081537,1.1894351317
113,13,84.8271285693,27.4735008656
114,15,0.0000000000,68.7210519239
201,35,18.9217500016,-0.7586474064
215,49,0.0680075000,2.2388766146
202,38,22.3187919493,1.2212480316
101,1,10.8094687412,1.9036764013
213,46,18.4542144107,27.5067759509
323,99,180.6732237344,36.0970502623
214,48,0.0000000000,25.8595119110
102,7,35.0797171988,-24.0193219563
--end of generation dispatch
