--generation dispatch
bus id,unit id,pg(MW),qg(MVar)
207,44,25.0528462022,31.8603608911
307,77,43.0671180331,5.0446018120
201,36,66.1531824257,-14.7484119546
322,91,48.7683355792,5.4342566814
122,30,59.8883780120,4.4883957683
121,24,389.0803375795,109.5954178224
201,34,13.0543571694,2.8439078114
101,3,40.2017335244,-8.3517350932
122,27,43.5834451537,8.3956277370
222,58,61.4626453846,1.3464481361
114,15,0.0000000000,29.9302535101
122,28,63.0671768896,8.7555205933
215,53,5.9928957694,3.6649437510
123,32,122.7593645283,2.0968656996
307,75,63.3487930964,1.4814916763
214,48,0.0000000000,-0.0795047072
322,96,58.7326741412,6.4969206722
213,45,94.3927999842,5.2866546897
315,83,3.7243667447,6.5479534236
216,55,47.7677287549,81.1342765151
215,51,5.6017512858,4.1882944100
107,9,17.6043497247,1.7547249671
223,64,67.6512880254,-19.1061371176
222,62,53.5292555677,5.6369472710
115,16,6.6407238220,2.6668072897
115,20,2.2537686402,1.8139553962
315,86,1.4226834385,4.1511503553
322,92,42.7123172402,-2.0661975429
107,11,13.7056292291,13.6688734308
115,21,34.6457970813,-0.9395815409
122,26,60.5297052376,2.3542542610
315,84,5.7716405835,4.6991311098
222,61,56.5809159988,7.7819651976
302,74,35.0574826606,-35.3178284281
201,37,35.9328216831,-19.7844327650
215,54,47.6020236074,84.4163185905
207,42,5.9840318887,1.7381278222
321,90,371.8049805578,48.5671731322
101,4,40.2017335035,-32.1968881984
318,89,342.5020247665,61.6623376445
116,22,80.6721941722,-36.8333280806
115,17,1.6527652942,4.1621329894
313,78,40.6067238467,-8.9183377290
302,72,18.0507704510,2.0616652416
115,19,2.9737304433,3.4341194950
313,80,121.7098564284,26.3229340960
301,67,15.3316026693,0.9806183514
323,97,105.8511109110,-36.7681296626
122,25,43.1621437944,5.0028596711
315,82,3.8293230509,5.2599131402
313,79,19.2594181253,3.2113094030
222,63,60.6991049048,3.6376305613
301,68,14.7202728964,-0.1445865447
215,49,1.9822347651,2.6345583361
102,5,14.3541981265,-0.3080677802
113,12,57.3188680980,24.0413885317
201,35,17.7735979273,0.8347466778
118,23,440.1306382520,138.9471414710
301,70,45.7110016301,-13.7812353514
314,81,0.0000000000,-27.2935954382
102,7,48.1853835827,-31.0980080778
107,10,1.2700925476,4.5316146416
215,52,6.3661665450,4.7971888692
302,73,11.7977600198,-35.0544992575
202,41,27.1970088807,-20.6770798284
322,93,55.8372772655,-0.7294531234
213,46,47.4349272774,39.2712828074
207,43,26.0331773205,2.6527772319
323,99,144.7205663241,32.6546782186
215,50,7.8960287502,5.0071870349
322,94,51.5428675974,6.2161057671
213,47,76.4387710415,1.1925379362
123,33,65.8083303724,-1.7953952348
301,69,19.3836230090,-27.4971019857
123,31,71.0183127473,31.8535320204
316,88,93.2844345844,56.2161052302
101,2,18.5650941687,1.2551477524
307,76,34.7625396401,4.7357653704
202,40,16.2446365639,-5.3100395277
202,38,21.0373581381,-1.9396101149
122,29,46.0067398688,8.9486770145
101,1,14.7087578748,-3.1485235444
223,65,67.6512887144,-27.8478543280
323,98,105.8511128530,-17.0220125244
218,56,309.4926570506,81.5384201479
221,57,503.5319157093,58.2477306293
315,87,87.8686564562,95.1679405146
222,60,50.4035269824,-0.6738169490
302,71,17.7521661842,1.1230734496
222,59,41.0144290963,6.7961549611
315,85,5.4403899075,3.5841555781
102,6,12.8156443499,3.6306728243
102,8,48.1853838729,-25.2201825461
202,39,13.9753382568,0.3049282743
223,66,232.2456516195,20.3619248525
322,95,46.7775045994,1.0291161211
113,14,93.3258155601,0.1945006297
113,13,46.7020067421,4.1526119521
115,18,4.9905597232,2.7395461804
--end of generation dispatch
