--generation dispatch
bus id,unit id,pg(MW),qg(MVar)
36,1,921.2826858411,466.3091270955
47,1,70.0591560890,33.8184778491
140,1,2180.5962990475,889.1378567786
112,1,380.8925047196,-215.2229203152
162,1,130.8143408015,110.0240147891
138,1,460.5600583971,-206.7975769959
149,1,1068.1910981423,202.6088688957
159,1,1131.5024569931,-152.3650210624
13,1,860.1001111980,-67.3352696670
79,1,6254.1459130492,-655.0862619258
18,1,453.4213886494,-48.3062692296
40,1,133.9173452876,64.2257719398
65,1,1639.3392465541,403.5246276128
15,1,1364.3200153400,34.4852879175
103,1,497.8696400051,-225.8306532527
30,1,836.1584708507,1364.2755643934
116,1,251.9332204296,20.4469094732
77,1,1200.9812379521,-376.0417331588
118,1,1055.7668115459,1435.6925721941
4,1,356.8762066332,-46.0419971692
144,1,986.8651418414,-237.0717855364
45,1,1075.2597705914,434.9218680026
43,1,177.6314549880,124.0741913100
9,1,767.8191847904,-287.4012461585
148,1,977.4186693022,36.0988425502
6,1,483.6988504679,-47.8854787562
11,1,1180.9498050202,-58.9746836216
70,1,526.3120240377,-100.3617938382
35,1,2751.8554502260,829.3447421556
--end of generation dispatch
