--generation dispatch
bus id,unit id,pg(MW),qg(MVar)
101,1,11.4315136909,7.8943682789
213,46,43.4959432757,18.9576294006
315,87,25.4945639442,59.3798922771
302,73,36.9445482139,-25.0606972623
322,96,59.9856236792,2.0239029543
221,57,315.5827713159,37.7449475967
315,84,1.9608256519,5.4812407008
323,98,50.4740816623,7.8058275398
215,52,3.5514933105,0.5779417260
301,70,1.1737873768,-27.1407877161
201,34,21.6904925420,5.1182884493
201,37,11.5093463437,-0.9344782622
101,4,55.1459585670,4.7865130689
222,59,34.9729382102,2.9169069002
101,2,15.7915438355,8.2890976391
207,42,22.7728126573,-2.1085672183
316,88,0.4021439651,70.1808706978
322,95,48.6806379194,3.4680541710
307,75,68.0462925145,6.4747677608
116,22,90.3950379581,-69.6275302243
122,29,48.3915767074,12.0767546103
122,30,43.4403783037,9.3386446941
322,92,42.7590711886,-4.1398783729
315,86,1.2663076954,4.6165554724
202,40,6.3879471115,-35.1870587582
307,77,31.6692157754,-3.3361909738
322,94,35.1631095312,-0.3475439520
323,97,93.6638379620,31.5493276966
101,3,55.1459580308,16.5475404418
301,69,25.3799514513,-41.6534805754
113,12,23.0380645012,31.6248900950
123,33,199.1080251458,-63.3801611047
215,49,0.5590154111,3.9891079360
302,72,16.1501896485,-5.7907113804
202,38,16.5547631301,1.5859032646
215,50,0.3880971851,3.1049040706
321,90,409.3534987003,56.5646522738
113,14,80.8286069323,28.6841623908
114,15,0.0000000000,-1.5503334987
216,55,77.7122799178,18.6716553618
121,24,389.5681560869,164.1639556575
215,53,1.3148686193,4.6334489300
322,91,47.3307502811,4.8829685453
107,9,29.6572141059,-3.6754732942
218,56,332.5385729066,73.8875940321
102,5,19.8599101008,6.2493891085
123,31,79.0607839157,-33.9682191466
115,19,5.2341563733,2.8309923679
222,58,41.0495306151,4.9422641238
118,23,354.8138218277,94.3360376720
202,41,13.9493474342,-26.3927491075
223,66,90.2137207499,62.6888138938
301,67,18.6120345444,-0.9118250661
214,48,0.0000000000,103.8420198710
122,28,52.2269282933,13.5741043233
302,71,20.7408553406,-0.9580166069
313,78,65.9535024030,-24.8112448799
207,44,8.9972526328,10.6244504030
314,81,0.0000000000,22.6331377718
123,32,75.4374726009,-22.2971003797
315,85,1.1364091806,3.2621292179
302,74,26.4032737886,-19.3166853733
315,82,8.4728885005,3.5813548032
122,26,46.5082940530,5.3317205586
201,36,44.7430048281,-6.7740411379
313,80,34.7583224234,-15.9435929304
102,6,14.6112177658,2.9074818774
322,93,50.1173141092,4.5669323925
201,35,16.3717115129,3.8602758674
115,16,4.2308667654,4.3665011126
122,25,37.8037464922,8.3578979203
223,65,120.1228956704,-19.4386414044
318,89,431.4820857186,55.1455865586
107,11,18.8249978740,-2.3771204061
202,39,17.9704951317,3.7870603244
222,61,51.6185604729,5.9232517067
115,20,3.9899606125,2.2062202090
222,60,50.6084420108,1.8612815385
215,54,109.9105311274,4.5885815126
215,51,0.5332283158,1.4291160934
122,27,59.7265393451,5.0149049827
223,64,89.3281081338,14.2224020458
301,68,17.0205215304,1.3105404158
207,43,21.1064740005,20.1664953835
323,99,212.3921422963,-36.9250751527
213,45,37.3635527737,8.8361045056
115,18,6.2468648637,1.2472901590
307,76,29.9917192374,18.1583925349
102,7,88.1266919907,-12.1837259830
115,21,92.2960380517,-12.2440043958
313,79,101.5972198794,13.9862521237
113,13,47.4767283935,-17.9582716351
107,10,4.7535678853,23.3477328362
102,8,56.1522789311,10.1663011530
222,63,38.4464123374,2.2937823329
115,17,3.2729311276,1.0835151106
213,47,117.6701617411,13.6896651856
315,83,0.3696140852,5.8168171560
222,62,50.3958959314,0.8366666057
--end of generation dispatch
