--generation dispatch
bus id,unit id,pg(MW),qg(MVar)
162,1,252.6533742951,130.5793365269
149,1,1050.6092517701,-49.0848003366
144,1,1129.8189331378,-233.8619043626
45,1,538.2544147835,454.6457080212
43,1,186.7481713069,54.6701899951
13,1,594.0915126585,-242.6397671468
30,1,2214.2018364855,1510.7187134377
118,1,2393.2063853860,2318.2120733801
11,1,883.3500109094,-126.0491538285
4,1,444.6910914266,-66.4169684432
18,1,596.6908594590,-121.8805138291
6,1,456.6715580746,-85.2310358064
40,1,150.1215013953,-8.3360657088
65,1,2152.1645279800,1149.4381479185
79,1,5708.7241458998,117.5622954751
70,1,677.9374452812,143.1057026330
140,1,1564.5365262965,826.5572708170
35,1,2676.6013704613,890.9152451522
138,1,626.6036197345,-171.4051487197
148,1,539.7940495778,-156.2239130890
116,1,263.7053810339,69.6995343111
112,1,468.1235046770,-109.5509184124
15,1,986.4760113954,-100.8077397755
159,1,820.7441726690,-117.9056826482
103,1,410.1729223289,-243.3105844762
47,1,78.8609303452,24.3145462070
9,1,1015.3825979009,-394.0255427877
36,1,635.2960387181,385.6091043963
77,1,1285.7085023866,421.3694297976
--end of generation dispatch
