--generation dispatch
bus id,unit id,pg(MW),qg(MVar)
140,1,1078.2643836808,701.1613758206
159,1,639.0939494293,-88.3148713513
162,1,598.3535786648,230.1844345398
70,1,706.4991306179,-569.9798099191
116,1,310.2807372787,-134.0713520021
35,1,1984.4026370525,591.8775151829
9,1,956.5217761058,-252.1101317895
30,1,1584.4880077615,613.8784645268
77,1,1485.3290149912,1038.2946924304
15,1,1891.6235995384,64.8234050802
40,1,384.8195189236,-77.5927073145
65,1,1990.6592647040,1127.7347712715
79,1,4744.9646374771,-606.8504788568
45,1,870.1337764295,296.2579123828
13,1,750.3252233599,-60.2604119367
103,1,287.6669910574,-208.4582127835
149,1,1308.2369774088,-212.5380947124
4,1,639.4428956293,-78.3829139915
18,1,533.9016938255,-241.3910858449
112,1,553.2199918907,-268.7734319211
6,1,712.8749886436,-20.4115053516
118,1,1843.8941316976,1285.5623434495
43,1,401.3900593832,-60.7066158785
11,1,1362.7620151463,41.3784891857
144,1,1203.4755326282,276.7593948847
47,1,104.0703888550,-58.7555693126
148,1,692.0986261021,-34.1117812011
138,1,531.1382029525,-260.8788613552
36,1,653.8431908555,475.1552782138
--end of generation dispatch
