--generation dispatch
bus id,unit id,pg(MW),qg(MVar)
101,4,45.7909625692,-22.0364112384
315,86,2.2990936999,4.6087833577
102,8,55.3715337711,-24.5166433023
215,54,62.6729578861,66.0088267408
207,44,29.4361368619,3.3693643119
207,43,33.3590181067,15.4595915351
107,9,19.1377038404,-20.1046548517
313,79,121.5380677014,-9.5904907298
313,78,106.5506177988,20.9020401582
102,7,55.3715344027,-31.4214556769
223,64,36.0908537968,-26.9250717856
222,63,36.2660032178,-0.1783985672
322,91,46.0533627354,-2.8683112571
302,72,19.9826948501,1.3540852382
301,70,4.2688267998,-24.4972572670
115,17,5.9758417974,5.0892257781
201,37,38.0664156938,-8.5174376644
201,34,12.8862493864,0.7242039557
322,95,48.2817655172,0.0978240093
216,55,39.6566669345,68.5907449669
215,52,4.1412240089,4.3110098411
315,82,4.9420700198,4.0935150619
215,53,5.7049563234,2.1709770630
222,62,55.2835785591,8.2753086025
107,10,16.6167216201,-0.8958316876
301,67,20.3000282588,-2.0818644969
201,36,40.7027225466,-29.1813450015
307,76,32.2374473576,12.4968782315
322,96,49.7927391900,6.1158907152
322,92,45.4279816475,5.4227386538
123,32,70.1067360060,-40.1049498743
315,84,0.6095605400,2.5325470987
121,24,310.5443665948,-19.2633375871
313,80,126.5568313580,-13.4791036777
122,28,35.6123867323,-2.1158392056
122,29,63.2988901361,4.8559451671
114,15,0.0000000000,1.9594533911
218,56,390.5162756321,85.4888011678
322,93,35.6096754035,3.5986846073
123,31,98.4797833241,-35.3246828643
214,48,0.0000000000,4.8947572378
113,12,37.6905059569,22.8319898900
122,27,39.5482035581,-0.2986760237
123,33,177.7107548807,-50.1022905290
215,49,8.0803457079,1.4140192439
215,50,1.0325073946,4.6462689077
102,5,14.5870989464,4.3387899853
102,6,18.5121882314,2.3169097967
115,18,4.6688932111,1.9998341879
115,20,7.7330002105,3.6137967851
116,22,4.4490695543,-12.6073719914
118,23,378.5866278968,147.6750449905
115,16,2.2314290167,5.0965444099
222,58,58.2041492586,-4.7286522042
213,46,44.4119650224,-2.4492365021
315,87,76.3420730300,92.7156816579
222,61,53.4674082596,4.3854819121
202,38,19.5609347797,4.0975638908
315,83,2.0037285294,4.8002319545
115,21,85.0325036593,50.4999018413
213,47,107.9888796821,15.5561751114
323,98,85.1976910039,8.8010220231
215,51,1.6597367427,2.1348555425
301,69,14.6747469268,-49.6902801693
314,81,0.0000000000,31.3711906191
101,3,45.7909634326,-31.1385106097
101,1,13.9743750503,-0.5340977675
223,66,113.9612235785,30.2052561950
302,74,3.5397983957,-27.9856765154
223,65,59.3465936976,-44.2481495782
307,75,16.4849546377,-8.9332765519
323,97,57.9271467538,15.1804671462
202,41,18.9257570020,-29.3258709714
213,45,55.0531592252,17.2135139538
115,19,5.6092824763,1.8553716936
318,89,319.7707560123,73.6445494609
101,2,14.6452441732,0.3853972616
221,57,383.3673669573,44.0578450504
307,77,9.4667412492,11.0249506379
301,68,11.6223288737,1.1406029314
122,25,56.3004432311,6.9801027924
113,13,136.0787762814,-3.6227553645
322,94,59.2856379224,-0.1209906552
222,60,57.5831980345,8.9772282541
321,90,498.8776882564,59.9605268281
315,85,2.7343341438,3.2398888822
202,40,3.9683623808,-35.0591106627
122,30,42.1931273671,-5.9978570811
323,99,105.6483769235,10.1095042882
302,71,18.9087562244,1.6513925087
201,35,13.3389065907,1.0463314926
302,73,38.6042503263,-13.8838186035
316,88,51.6012955519,31.8525892258
222,59,36.8407905444,1.3614381957
202,39,16.9943087362,1.7422071472
207,42,8.8375400356,9.2367797438
107,11,60.8999313624,6.5414165135
113,14,80.2760956568,-22.4123665313
122,26,52.8688916535,1.3351273294
--end of generation dispatch
