--generation dispatch
bus id,unit id,pg(MW),qg(MVar)
149,1,1002.1199315947,72.1185258889
18,1,376.1889071829,-142.6619739637
65,1,1104.1430931512,103.6406626613
138,1,609.0445880102,-176.1844896101
30,1,2359.5991893440,508.1085884067
140,1,1356.7383457528,844.0187767486
159,1,1048.6413300532,77.3885201731
36,1,822.3637462093,569.6857646317
116,1,198.9164463917,229.4601526417
11,1,746.0183583856,-147.3500632036
47,1,112.2436102167,26.4131175989
40,1,129.7545187269,38.0099349012
6,1,345.6874797386,-76.1858166304
15,1,1237.2117948306,-101.8377628883
103,1,900.6144860154,-162.5259936691
144,1,817.9927165743,-219.5355439689
43,1,186.2221691083,85.7398363657
118,1,2009.0362889538,2598.2161947995
13,1,675.5831706330,-207.9495232513
79,1,6083.8245034098,-455.4889276095
112,1,597.4371791608,162.4069560001
70,1,720.2074971276,-78.7914762630
77,1,2866.4816320164,423.4018505878
148,1,784.3558999497,-113.7271258961
9,1,685.7271584646,-406.3595846207
35,1,1728.6861034890,617.4193131881
4,1,275.0011249183,-84.3679104242
162,1,92.9108621104,168.5741655564
45,1,606.1020840635,367.9409046900
--end of generation dispatch
