--generation dispatch
bus id,unit id,pg(MW),qg(MVar)
123,31,62.8993874739,3.2694505712
213,45,46.1420863321,-0.7610016961
222,58,62.4684275581,6.4675806507
215,51,7.0573216448,4.7174232529
223,65,58.8858845155,-13.1364155951
313,78,74.4648436238,25.0416100405
101,1,20.5917902266,-2.0248444381
213,47,44.7434394239,35.8396986155
207,44,75.9076350543,24.6306092596
322,91,46.0287124943,-0.1214077611
315,83,7.0979146316,5.6194804847
315,85,1.0225555767,2.6084579169
116,22,82.8024865095,-53.6577682990
307,76,20.3458962474,16.8250382329
102,6,14.2396245307,-0.8260185999
107,11,25.3491183615,5.0182544926
115,19,4.8752709403,1.0828453918
322,93,44.4784717705,2.8015964838
222,62,64.5021020562,1.7974418942
301,69,21.3447114120,-40.4161110106
307,77,16.2993911689,5.2766703437
202,38,15.5965093026,-0.6851438368
122,28,64.8506400503,3.7211588627
202,41,17.7679074897,-29.1062613737
107,9,21.1899180361,11.1558614152
322,94,51.5582059953,-1.8584378522
115,18,2.6003972993,2.3214553681
322,92,52.1131735854,0.0607896865
102,7,40.6706642812,-15.8402936575
313,80,87.0282904693,-6.8261364355
122,27,48.9830901964,8.9262620141
122,26,53.8668911207,5.9743281418
301,67,17.7755391569,-5.2035899498
315,82,4.5821134313,5.3748312038
214,48,0.0000000000,-78.1111113288
201,34,11.6468638249,0.1737674939
215,50,2.3704151601,4.5229553158
223,66,82.3506280690,13.8255646605
323,97,37.4380112991,-11.5445921730
222,60,62.4138688284,2.4711086470
115,20,1.7416822571,1.9073862817
213,46,140.3002365320,-11.2265558719
322,96,54.4469960244,-1.1095219268
113,14,28.7639431042,-1.4484294322
201,35,16.3629707134,-2.1769221485
307,75,35.9262032582,-10.6830954455
215,52,2.1243771397,3.8523135820
207,43,41.9798423431,-15.3498866623
121,24,322.3252491772,94.7264104187
301,70,11.9627576734,-38.4171628794
215,49,3.7099287934,6.3033480940
118,23,441.5611333671,137.2512575191
323,99,124.2143275393,47.9299278642
221,57,328.7157087756,51.7245612321
115,21,39.3405109656,27.7115318446
223,64,58.8858276194,-27.7067052924
102,8,40.6706675578,-32.6545207274
123,33,63.3248612719,34.1780769275
301,68,16.1479392553,2.7453712677
215,53,2.9235180197,5.2632609528
122,29,42.3986802438,-1.1512027043
302,71,11.9968310011,1.5782891261
122,30,63.2169745096,2.3846475611
215,54,113.8995555429,87.7823868536
114,15,0.0000000000,39.1540283822
222,63,45.7334581541,7.2389571828
115,16,4.2997909775,3.6575856829
218,56,305.5835186498,69.8375317419
101,4,25.6821767382,-32.3028926682
122,25,63.5919766036,4.0872111707
201,37,17.9426994344,-17.0923017206
318,89,446.2406884402,92.8643185791
315,86,7.3759200009,3.9918249168
115,17,0.2872232904,4.2874794381
201,36,17.9426446778,-18.7806454357
113,12,91.1008463999,-5.7929058627
202,40,42.7207493439,-24.9529146653
113,13,21.5518889327,-0.8550477632
107,10,3.3864236681,-5.9899654583
207,42,73.5664519703,7.5245440986
323,98,61.7585199698,-23.6302598085
123,32,62.9000002506,-14.7706145870
315,87,37.6352872145,52.1049170776
216,55,61.2478836429,78.6241263172
315,84,4.6166274576,1.9392574906
102,5,18.4720800185,5.4943169103
313,79,158.4472720641,-1.4496108830
321,90,502.2161075157,87.5185346781
222,61,61.9780648976,7.6558131683
322,95,62.5815321273,5.0532523471
314,81,0.0000000000,14.9996530958
302,73,6.8023623873,-29.3596693275
302,74,19.7087624179,-14.9211602529
202,39,15.2883365987,-1.9988395441
302,72,20.2577960056,4.9140762844
316,88,48.4164179279,77.6747681306
101,3,19.5147441861,-21.5157103498
101,2,16.2310737880,2.4326513818
222,59,50.4064898367,2.3300837409
--end of generation dispatch
