--generation dispatch
bus id,unit id,pg(MW),qg(MVar)
307,75,52.4925381453,-2.5567896644
307,77,4.3889516848,28.8064213797
318,89,267.8114902515,14.9846632918
115,20,0.9276441529,3.8468607342
102,5,13.5050791525,-2.7947315065
302,72,20.0794901505,0.3546867512
222,62,46.1517411066,4.2023189655
213,47,147.9058686244,-3.5889984849
315,84,1.0696120119,3.6223092626
323,97,86.3554453012,-13.8456619965
101,1,9.8180783326,1.9839705726
323,99,192.2900811597,13.5970001253
201,34,18.0682294787,-1.4710030294
223,65,111.5420692533,-53.7534395262
301,69,13.4810474829,-16.5281722473
322,91,43.6331638569,2.6672599183
218,56,245.7694408010,53.2266315629
313,80,38.5924252115,-4.6117570301
123,32,101.1600101097,-34.7369810690
222,58,64.4829843185,6.1434415816
223,64,101.1519919947,-18.1544438959
101,2,15.8436028386,-1.5040794809
121,24,237.8690816881,52.9061326620
322,93,60.7813197645,5.5838989831
201,37,1.6856432560,-30.9125098633
107,10,20.5625554349,9.3753621263
113,13,103.9781970584,8.1553013353
122,27,61.3406517069,3.3822288012
213,46,97.7023514327,9.7650487268
302,73,26.7137402804,-36.6058680337
102,7,32.1001144334,-39.3670858868
102,8,32.1001144305,-26.6586466390
315,83,5.0279680765,4.2799758486
315,86,4.1526078065,3.7779195214
301,67,12.3365469121,-4.0805689264
115,18,2.2363709502,4.5201056295
315,85,4.7671761374,2.9728237362
321,90,246.8778658221,54.2611661436
122,26,43.2690374079,3.8701076891
223,66,12.9288660688,67.6968420003
301,70,41.4455427197,-24.9960165109
322,92,49.3461042006,-4.5779853385
115,19,3.7745053321,2.1498768303
213,45,117.9258744923,-24.8473131415
315,82,6.3136089531,1.8952960467
107,9,53.9800364373,14.9392334695
113,12,93.5650608074,-6.6367563019
123,31,77.4961982880,-69.5447216768
307,76,64.5502253028,-5.3306348756
107,11,61.6201209289,27.5176907201
207,44,10.1877589896,13.6855600178
222,63,56.5808545231,2.7787984392
215,53,2.0973943635,3.8824560099
322,95,56.8578695567,-2.4634685788
122,28,58.6378793130,7.8273747488
207,42,46.7788452504,24.4530878832
116,22,71.8766208708,-17.8496657567
322,96,51.5938415393,5.5710575358
313,79,115.2912251915,-2.1365690188
202,38,18.0406674555,-2.7647034789
316,88,98.8312347054,73.1606778681
113,14,135.3594697240,9.2687423515
314,81,0.0000000000,-15.1246175803
114,15,0.0000000000,-21.4054592700
122,25,46.0455763192,2.7651381646
101,3,40.1670808172,-7.0446835829
301,68,20.6999186679,2.3518762710
202,41,37.2236071974,-24.3886931667
302,71,21.6564427358,2.3200677546
302,74,24.1974634647,-17.1274204070
322,94,50.0947589791,5.5798221847
215,51,1.8396056386,3.0024041885
215,54,86.1150410312,10.7435776246
313,78,76.0283726083,21.6013642090
221,57,230.8110295502,25.8475201516
115,21,77.8609701261,62.3013616663
215,49,7.1386807576,2.7443644998
215,50,4.3333223031,3.4423331430
122,30,62.0358848586,1.8018570342
214,48,0.0000000000,13.7011501755
201,35,9.2336620142,1.9488940739
123,33,212.8394494411,16.0263041631
216,55,78.0755825531,62.7229675274
118,23,150.7351181525,66.1292082708
207,43,24.6541148808,-7.4987522081
222,59,36.6326614298,5.5046938804
202,39,14.8391836561,6.1452746740
215,52,5.0094891435,3.5516974391
323,98,86.3306767756,-14.9966102119
122,29,43.1699203132,1.0822568816
115,17,1.6947253399,2.8919660877
315,87,104.7952734144,68.8122217981
222,61,61.7872616640,2.0815665161
102,6,14.2487439289,-0.1144878329
115,16,0.4331785706,3.1106042827
222,60,59.2404123876,1.6281144611
101,4,32.9891425693,-42.2947922968
201,36,3.9261412157,-19.1183336980
202,40,55.5015092521,-25.4827171339
--end of generation dispatch
