--generation dispatch
bus id,unit id,pg(MW),qg(MVar)
202,40,22.2447657549,-35.5963213158
302,72,10.2967705594,-3.9736370002
314,81,0.0000000000,5.8101671210
122,27,38.8074031698,-1.8182529881
115,18,2.1965996555,1.0540973588
315,84,9.1546437212,3.4000362833
115,17,7.8609316145,3.9480232092
302,71,12.0906540240,0.1022214619
107,11,26.6316358279,-5.2370237458
201,34,10.3067343470,-3.1178981403
216,55,31.0077024672,87.3386165296
223,66,77.6163709267,34.7977221767
201,37,23.9428441500,-35.8771308088
213,46,92.1091467796,-4.2083428528
301,67,17.3415389461,4.7977560591
123,31,39.5541411618,-3.1485070514
102,7,74.9576374838,-17.2838392487
301,68,17.1922355802,2.0491386612
322,91,59.1930492459,1.3969218935
223,65,70.4408492174,-20.5954210728
315,83,2.0621667456,4.0475147891
215,50,4.0891321922,4.5843135707
301,70,27.2722700550,-32.4732677205
102,5,16.7673742268,-1.6814911983
222,58,60.2346159995,2.1588924420
122,26,43.6057373548,5.8654070273
315,85,2.9339751520,5.1132557749
202,41,22.2446630514,-22.2404615089
301,69,21.6104579050,-39.9247782715
101,1,15.3598491646,2.3663579188
115,21,109.0838011614,-19.4657768369
322,95,46.5244641788,6.9010838509
101,2,12.9387614548,-1.2951435627
102,8,74.9576307553,-20.8112471180
123,33,173.0893963641,80.1098419039
113,13,48.2445108221,-5.3560566405
318,89,279.3820941263,72.7406624063
215,49,3.7403299613,2.4925001447
202,38,14.6273764931,5.4533375369
222,62,51.9236000150,5.1077959725
118,23,366.5498091982,59.6261382627
213,47,100.7553670935,23.1948252687
102,6,19.2266950022,-3.6453716612
116,22,58.6779418793,-4.6228539028
302,74,11.9858970843,-17.1939663147
101,3,57.9254555493,-39.4200846334
122,28,48.2142326718,-0.5937634085
123,32,57.8699382194,-12.4494677751
315,82,0.4647024441,4.1565147994
215,53,2.5610953902,4.9219887296
107,9,30.6688335922,-5.4139126648
122,25,60.5897011531,7.7331487080
207,42,24.3545005913,25.1224477871
113,14,20.0877548882,-24.2456690284
322,96,45.1287150131,1.4095225555
322,93,60.3339546504,3.4399047199
214,48,0.0000000000,41.2746878983
215,52,2.3259858846,3.2314284408
115,19,2.4616746155,1.4700602807
207,44,15.8010804909,17.1569983950
307,76,14.2127901386,21.1413583383
115,16,1.1405999317,3.8139914438
222,63,51.0920750431,-1.6783653259
315,87,88.1805959091,88.9788754479
222,61,62.2191568918,4.0811390428
114,15,0.0000000000,33.5733886191
101,4,57.9255013615,-19.0424384935
202,39,18.6229214326,2.6741664773
307,77,30.5965755449,4.3184046130
201,36,26.3549025069,-29.1077930769
315,86,6.0083413297,2.7784882417
122,29,46.4387393642,-6.6948767367
307,75,12.0075297705,3.7581594287
313,78,32.6683969388,1.9079887572
115,20,4.5651808037,3.5850194031
323,99,146.2378238458,-45.7519850733
313,80,35.8878589995,18.6717157678
218,56,498.3380100755,85.8788817774
222,60,37.4235299683,8.6381679674
302,73,46.0616328137,-13.9268133270
213,45,90.4329521675,4.1643486367
323,98,106.6517665780,4.1110952950
201,35,12.4075674053,1.0608795497
107,10,30.4994246666,28.5125218986
322,94,64.2569900657,2.9656330949
121,24,438.3196680731,149.3870378665
221,57,402.0688996541,90.9169899064
323,97,106.6517351086,33.2482538292
313,79,92.9258930993,32.1330363495
316,88,110.8165933853,70.6766832317
322,92,48.8734284420,4.0637321562
113,12,47.9228809332,-28.2404493836
215,54,46.6258152661,73.2185031579
222,59,41.7265860934,0.1885374506
122,30,60.1077721750,-5.4418167965
223,64,70.4408519498,-28.8503240352
215,51,3.5076818763,3.7982333221
321,90,372.2281547061,50.4370019363
207,43,53.4704956890,-17.8315871689
--end of generation dispatch
