--generation dispatch
bus id,unit id,pg(MW),qg(MVar)
213,45,100.9467119875,17.7721941469
216,55,93.2750975278,31.6864295881
202,38,19.7182819100,5.7492837638
322,92,52.7704459618,8.2295204468
322,94,52.1387599784,3.6771617933
102,6,17.4391711368,0.8582857978
213,47,21.2921344340,8.5133008772
122,26,40.0059191723,5.8407455340
115,16,10.0849180890,2.1904291933
122,28,38.8540664505,2.5567930706
318,89,447.8519356991,114.5152373161
307,76,2.3677362334,-9.0963720038
221,57,330.5393972393,44.4768062421
115,20,10.1608195005,4.5185436830
123,31,45.8732218213,-41.0416444931
315,82,7.8342749412,3.6566690327
107,9,41.4555077173,25.0217272329
313,78,33.7907033042,16.4261990495
116,22,89.9397458841,-32.6798352055
222,60,57.0611913901,4.5832160501
215,51,8.4344635952,1.2276308427
315,87,100.6783062012,62.8170132909
323,99,53.1720835273,47.5250146060
113,13,104.8266784305,-12.6786783497
201,37,32.0046769180,0.6563406908
302,71,19.1937015766,-0.5996235802
223,64,41.1389618946,7.2551363359
207,43,25.1598135079,28.6309836282
307,77,43.9982667752,-7.3786847218
113,14,25.3870567227,-2.4604297797
315,84,1.9547667129,3.9647098626
302,74,17.2839698150,-19.7807877922
222,59,51.2625008871,4.9826597357
316,88,35.0295155141,26.9778281363
222,62,61.8739583323,1.0063305647
122,29,35.7934895045,-0.5948688385
223,66,79.9293952691,-3.7067124554
202,40,32.9521859783,-32.5952926309
315,83,4.9645311428,1.0676137685
215,49,3.1475118665,4.7708026191
313,80,46.2131466574,35.9257717122
301,67,20.2949138824,-2.2687970548
301,69,48.0749336037,-39.2986145191
123,33,228.8763514548,-54.6735751239
121,24,460.8446289094,123.4972004291
202,41,44.6290513031,-24.7353999498
218,56,351.1189966212,73.4539367912
323,97,23.9413412736,2.7446353862
223,65,104.0056910838,-13.7131871659
215,54,67.5714585206,-23.9209403751
322,91,44.9907148214,-0.6569786056
115,21,56.2473969874,62.9881509641
307,75,48.9391150128,34.2232429356
102,7,50.5444978502,1.4756391954
101,3,33.0550416333,10.3188741556
207,44,19.4979048904,-10.8766122869
115,17,1.1032701147,3.8518038896
322,93,64.3717142920,3.8389737219
114,15,0.0000000000,-13.6635017003
202,39,12.2201621732,4.0975021163
213,46,12.2683636482,30.1170845562
301,70,37.9480547825,-5.7847568700
207,42,21.0578231502,19.8598957077
101,1,21.0141687070,5.0293101250
222,63,63.7583575401,3.7206492916
315,85,4.3021216790,2.7519166346
122,25,58.6386119787,8.6039295138
222,61,43.3436457653,7.5196854068
301,68,13.8957506978,-2.5773878608
314,81,0.0000000000,8.1912457834
313,79,105.7357272414,26.6547267595
122,27,60.4981761173,3.0326189574
214,48,0.0000000000,62.4977751346
215,52,1.3572623054,4.3278937167
115,19,10.2108687108,3.4073246261
101,2,17.0639413215,6.1794348580
322,95,40.7201296304,7.2133370084
322,96,64.3606685571,3.6507743855
113,12,58.1468229095,-13.8568406289
123,32,49.4458010398,-75.0403880083
101,4,33.0550416019,2.9824800867
215,53,8.1051860825,0.6300365846
302,73,2.5903562343,-31.2392785092
107,11,20.0730028294,1.2962571147
118,23,453.6935839069,44.0178896395
115,18,5.2158649097,5.1239637811
201,36,31.9488694910,-8.2709676899
102,8,50.5444979557,-26.8497310576
323,98,31.3265953148,17.8776881791
321,90,417.5197622178,120.5358655706
107,10,2.1804963169,-18.7551225473
201,35,21.8225800089,4.2642325077
201,34,17.7782788860,6.0628922889
215,50,3.9577455080,2.3943546344
302,72,17.3266770092,1.9840984475
315,86,0.5650604075,3.2666225148
102,5,12.1135300308,5.9533506449
222,58,39.6857626087,6.5696288943
122,30,57.4031622688,8.8921371173
--end of generation dispatch
