--generation dispatch
bus id,unit id,pg(MW),qg(MVar)
315,84,4.2363842662,3.2022727434
202,38,11.4828739848,4.3825103844
115,16,2.9374311440,1.5360403611
215,50,3.0919592352,4.1000521328
215,52,9.7534677331,5.4626879569
122,25,44.8702544238,-2.2807227621
318,89,306.6904550397,60.1785239688
101,3,12.3094968724,-29.3251220835
213,45,48.9196746377,27.9835545836
314,81,0.0000000000,-2.7592684580
116,22,103.6237843013,24.2116974617
315,86,4.3140354138,5.2774329300
101,4,25.3663883296,-27.3302863419
302,72,12.0201048859,0.6627740419
101,1,20.1645753686,1.2566620159
122,29,47.2577701160,-4.3093859741
201,34,13.9043139396,1.6973218473
222,59,40.0413010660,4.5968412890
113,13,62.1398227479,-27.8328571211
315,85,4.0184292425,4.6557772006
313,80,139.4360516170,32.6302148469
223,66,163.9032868131,33.9184428387
316,88,109.2592745491,67.4081362120
302,73,16.8642186102,-17.8290464169
115,21,88.5310415375,50.7867414053
301,67,20.2828142322,0.4189841598
222,58,52.2593272896,1.1040462112
215,49,1.3204652751,2.9798999610
322,94,37.2621062537,4.5992906544
107,10,20.6059075233,8.9593728038
102,7,21.5341930428,-28.3202479543
221,57,475.5598845966,83.5471275367
113,12,95.5791666957,-4.5994051122
214,48,0.0000000000,-16.3179038484
222,62,57.5121968979,2.4964583061
122,26,37.8514787497,1.0138181390
202,40,39.6707637502,-40.2758926471
307,77,66.9996383448,21.6354965928
122,28,42.5853075675,1.1640517535
307,75,23.4380569574,28.7187674021
322,91,55.5062933423,4.5202083215
322,93,63.0423323410,2.5236273462
113,14,37.4675768090,-7.7658595071
323,97,104.2260890167,-25.7952130608
201,37,15.1337622997,-24.0399399881
101,2,12.6489126433,0.7666405682
315,83,5.5563625736,3.0854500072
323,98,104.2248033838,13.3495789070
313,79,25.0923949506,11.9777078353
223,65,115.9749465751,2.6067394448
201,36,55.5707115309,-19.8184048454
123,32,99.4366312085,-11.2559103876
202,41,16.1560339057,-40.7146132889
207,43,39.5923835119,37.2340761409
213,46,62.9329414670,-29.2184556698
207,44,21.8709177070,21.1503543320
202,39,12.9543333170,3.8681252331
207,42,38.5765079822,2.5727695510
302,74,16.8636160214,-35.7628802784
222,63,40.7880929859,2.3867141423
115,19,0.1437671592,2.0541082458
315,82,1.7667173330,4.8082811330
322,92,63.2051288004,0.6244018223
201,35,13.1346201016,-0.2174113684
307,76,8.8445535841,-9.8679580900
215,53,2.8310415501,5.9962058944
102,8,19.5575089243,-10.1356517022
123,33,132.5539210884,41.8808893161
321,90,378.3148325731,43.3952576502
323,99,182.4596740963,27.8492456143
315,87,106.1683914565,68.8880692348
118,23,383.8422217582,103.7668259313
121,24,347.1118377698,24.0697464509
115,18,2.6288966689,3.5883256083
222,60,41.2753083441,4.2441851661
107,9,7.6967303544,26.6251508319
222,61,54.3541157035,0.5468265583
216,55,115.0010579104,49.8966938823
223,64,115.9738899330,-24.0053806019
102,6,20.4785108673,1.4256032532
302,71,20.4775057473,-2.3332382932
301,68,15.0597574129,-1.3439100119
215,54,111.7338553020,72.6817138122
213,47,61.7007524525,27.2609569097
215,51,6.6508384973,3.8108921849
313,78,67.8422837869,-17.9251406787
301,69,16.1079662947,-32.5962846983
102,5,18.6549967906,-2.5365482087
301,70,31.0663402247,-18.3221481177
107,11,31.5187636194,0.1808265623
218,56,294.9686637490,76.5135247357
115,17,0.3077740446,4.7696577272
114,15,0.0000000000,4.2783527209
122,30,37.3587729910,1.2996840419
123,31,109.5394139246,-15.5338272850
322,96,39.7568885658,3.7123539926
322,95,53.3205423918,1.9851835863
122,27,53.5395465538,6.2226081602
115,20,3.0894446417,1.4033724994
--end of generation dispatch
