--generation dispatch
bus id,unit id,pg(MW),qg(MVar)
323,99,290.4000585294,84.2690453509
322,93,52.1150353007,2.1314362340
123,31,86.3451074420,-36.8198965375
207,43,23.1983515601,10.9517069838
114,15,0.0000000000,93.1418305192
213,45,128.4008794046,18.0069002960
321,90,451.2479345724,-5.2314776011
201,34,21.4258823235,6.6386669699
201,37,9.3866168307,32.8524118365
207,44,28.7089934868,2.9676926833
322,95,57.4364540205,3.8042588995
315,86,0.1788653516,3.5247169605
122,26,55.0189667780,10.2119370393
201,36,17.6578362359,15.9261166659
301,68,13.4327734410,1.9157834647
302,74,36.8452021450,-32.0055301536
116,22,157.3376532722,-14.0394944093
315,83,3.2018709184,5.9126859594
215,53,4.1577174152,5.6791458675
202,38,21.4204309256,-0.5564359704
222,59,54.3529325143,-5.2272150603
101,4,63.2702488850,6.4108294367
222,62,57.0697840397,-6.2763871578
115,19,7.5496339499,3.5670424077
307,75,55.4561673307,26.9967420028
101,3,88.8617046854,13.8274812226
222,60,63.0246731663,4.7086952550
107,11,10.9034063916,-14.5251523058
101,2,12.1184785586,7.6659038575
316,88,62.1921826090,62.1882054450
122,29,46.8602152801,4.9831623488
107,10,28.0354718041,27.4791762538
323,97,163.6448101858,65.6068914605
215,54,83.7988531261,73.3964495889
223,64,80.3918375845,23.9706702404
215,52,3.4147826466,6.0256442680
302,73,23.7272820565,-25.0706421601
218,56,306.5271072901,-108.7538654806
302,72,19.6065930626,-1.4370733199
222,63,38.8827201586,8.8099013935
102,8,94.6941198018,-11.7730404686
307,76,42.6733387254,-13.4882711272
122,30,58.0219241188,7.1990704433
207,42,7.0364049174,-2.2816696575
301,69,32.8261515831,-30.5129204049
223,65,33.9475280784,4.5660880889
102,6,18.5349337054,8.2166967017
122,28,63.3613350129,7.1459806519
313,78,69.1933519399,-36.1889292142
122,25,43.1953836725,3.3316373887
202,41,17.8888007566,-26.4751667936
214,48,0.0000000000,3.6403349781
315,85,3.2033620673,4.7856022180
201,35,20.4837133479,5.2806945215
115,21,128.5731480903,21.7089521957
202,39,11.0778692213,-1.0238500354
318,89,285.0309452080,-106.6642179535
113,14,142.6754807462,8.4247806976
323,98,176.7163206065,22.8677870524
307,77,17.1828652480,3.5759960883
313,80,82.6144828833,-22.4448215450
322,96,57.0039326875,0.6237356202
314,81,0.0000000000,86.4655801002
315,84,3.3989460999,4.5516911053
122,27,36.4665271461,5.7684382170
215,51,5.1835795817,4.4784516722
102,7,58.6122545096,-8.9049345532
118,23,335.9424205014,54.7917668654
115,20,3.3882864968,4.2927931657
322,92,47.5389122768,6.9876940124
215,49,3.6865502599,4.6365872127
302,71,11.7999988843,0.4465071848
115,17,1.9754178456,2.0077553247
107,9,68.7374990063,14.1304972303
121,24,291.0574104340,89.2496057882
216,55,35.8819066787,65.9734156397
322,94,54.6348233443,4.7132998014
322,91,41.5561471056,1.8616140362
315,87,51.1779357391,65.7584746700
115,16,5.0685115711,3.1827282615
213,47,100.5868596907,8.0931953693
101,1,12.1184785606,8.0589636153
215,50,8.7853059344,5.8328809027
113,13,34.0337450240,10.1514676174
213,46,116.3701694329,15.1836742769
221,57,33.8335302842,112.5018362502
202,40,31.5634015658,-26.2898949964
313,79,43.3946365169,12.0387748638
113,12,42.7376747903,2.1512366660
223,66,50.8448567189,12.5309652477
222,58,42.5069745538,-0.4934683242
123,32,86.3451070667,-47.6238110746
301,67,17.0229943802,5.4358508095
301,70,39.1981890479,-2.8368805355
315,82,4.7609455696,3.2991976926
123,33,168.0801340581,-41.1863724672
102,5,20.3517675525,3.4901097300
115,18,6.0616425539,2.4824430030
222,61,50.9567365377,3.0877945213
--end of generation dispatch
