--generation dispatch
bus id,unit id,pg(MW),qg(MVar)
113,14,122.8305062187,-12.8967648611
302,72,11.2825901532,-0.8200018929
201,35,17.5915283934,-1.9569504978
116,22,57.9022785908,9.5853966141
114,15,0.0000000000,18.2606913887
218,56,426.0420108391,87.2228760944
302,71,17.8670435334,-4.2676097216
314,81,0.0000000000,40.7330872827
123,32,35.2349513533,6.2296909458
101,4,54.1178441462,-4.0548960234
207,44,32.5289326289,-1.0158202097
122,30,38.5996751201,-11.1778326797
207,43,5.4153078212,11.1566369467
213,47,82.5573700896,-1.7446729710
115,19,4.0405768223,1.6810140187
107,11,18.8533748069,1.6760369961
301,69,16.2588178619,-23.6195909089
201,37,12.2272065493,-12.8422319783
222,58,54.2101999622,0.8093825005
207,42,46.6647106456,9.1993057464
115,21,88.9495959083,-0.6851933735
202,40,26.1742591799,-13.9825042672
315,82,4.9162513685,2.8345835846
313,80,34.9208475413,13.5120787285
223,64,80.2603868822,-1.8688548375
115,16,2.6109432710,2.2094788663
302,74,16.4767438170,-35.2957468576
301,68,16.0830429418,-2.9733046921
102,6,11.3163263433,-0.5338930238
121,24,402.9766222451,122.6808155009
201,34,16.8083950774,-1.7975259290
318,89,423.2084353261,59.3933568611
315,86,0.0435298250,5.1714250449
115,18,7.0650318322,1.0014243577
101,2,14.5275099811,2.0105766904
107,9,55.3256228112,21.4237939477
214,48,0.0000000000,27.9826549104
113,13,65.4563292621,39.8770458372
322,92,43.1903354096,1.3795262812
102,8,59.5866085150,-16.1467862451
313,78,11.8443062162,-6.7666803609
122,25,60.1158544042,-3.2142084528
307,76,67.2390747059,6.9568024848
115,20,0.8970850150,1.9658189837
202,38,16.5404487741,1.7574074233
323,97,128.2885842904,-12.0943682930
102,5,13.4160047824,-4.2104344299
315,85,5.1419921406,4.2381149681
315,83,0.7720047151,4.1261147586
101,3,54.1178441415,-27.3355989237
122,29,55.4468605568,-4.5850758850
122,27,35.6540348677,-7.9659516484
122,28,47.2483478806,-6.3681063343
301,70,16.2588165840,-23.4487296927
215,49,4.6549999585,4.2209532165
301,67,19.0079402660,-5.2731344226
307,77,69.9683460360,-0.5188525729
123,31,123.0976037407,-33.3559491576
321,90,284.5017869205,63.8160805179
202,41,25.5616210352,-30.5837710700
213,45,116.3555966836,5.4535413825
222,60,45.0210679945,7.8796458250
322,93,47.9393088812,5.0547836620
322,94,43.9336649346,-2.1640970822
118,23,456.7151859577,119.8332148791
122,26,50.7681823981,-2.8475392556
323,99,187.2406880088,38.1336687589
316,88,119.2119574281,88.4501592713
222,59,62.3016906826,7.1858726587
223,65,80.2603877534,-9.2826430194
222,62,37.6307031483,-0.5647842207
302,73,50.0135499937,-14.7194685112
221,57,306.5078975810,43.2661947745
123,33,62.7458357378,36.9291631557
307,75,2.5354627163,14.0690311004
322,95,47.9329306720,8.2679428452
313,79,23.9208864345,-18.6887001971
315,84,0.3781815508,4.0918214805
315,87,112.8606637423,79.5470299744
201,36,12.2272086777,-31.2475601710
215,54,54.0988714425,82.7244218402
322,91,61.0714454501,3.2030863989
222,63,49.3318637385,0.0802888639
107,10,41.7245228712,-2.2164885731
213,46,55.3189897854,15.2142792259
101,1,9.8730890219,-0.1752731961
115,17,0.7874717066,3.0048048358
113,12,93.5533003641,-12.4567181819
215,50,1.2037229063,2.4820797461
216,55,83.4901217613,95.9202188669
215,52,6.3399573340,1.5566340846
102,7,65.0581100523,-41.7474393891
215,51,4.7272617307,2.7619468597
202,39,16.8384393090,2.7350501152
322,96,45.5590260279,-1.6892258344
222,61,38.1322203477,0.8336534590
223,66,107.4843229977,-28.8059127758
215,53,0.8668671349,2.0659277894
323,98,128.2885838366,21.3260131439
--end of generation dispatch
