--generation dispatch
bus id,unit id,pg(MW),qg(MVar)
202,38,15.4782978683,0.1416213622
222,63,46.3565869379,5.6477954373
121,24,401.3890835663,172.5195961128
322,94,46.4965648819,3.2171823425
101,3,50.0847357130,12.1394446631
122,26,59.9269212605,-0.1732879263
222,62,54.4110675604,7.8589235487
222,61,60.3238562314,1.5891355566
201,35,18.6989750592,4.7952019261
101,2,10.7866442113,3.3142488714
301,68,12.4656016303,-0.1636380874
102,8,69.6421378805,7.2624356945
107,11,13.3012409369,-19.2017776903
123,31,36.8542219398,-66.8818483270
201,34,14.1000474991,0.3734062156
115,16,1.7218399685,0.8291271985
316,88,52.8898688448,59.7681762547
122,29,51.0671165455,-7.0887712085
213,46,70.6917731677,11.9165584056
201,37,20.8486127192,-28.0273515510
322,91,47.0165378936,1.4553452846
302,74,8.7824377605,-32.0897750312
321,90,375.4158072414,45.1182241582
215,53,6.8274052493,-0.1073622178
101,1,13.9695713559,5.8166636570
215,49,1.9406577423,0.0754255755
315,87,38.0760076739,64.4983576341
213,45,115.5448174342,-14.6636593906
302,71,15.2765619251,4.3120549263
202,40,32.6092183158,-19.3117692855
215,54,42.7577140925,5.1665391892
313,79,36.1126872238,25.2264238897
221,57,378.2797214346,48.2831613995
315,82,0.8378964817,4.9118211490
122,30,56.4048841186,-2.8856829967
207,44,61.3575317059,19.4168536571
113,14,37.7135108394,0.6957872644
115,17,5.0265577922,4.4888021438
315,86,6.4024769150,2.8913231186
223,64,35.1098617296,-3.5474233823
215,51,6.9274580634,2.0865905179
115,20,4.4869429997,2.5856094180
122,25,59.8321182825,1.0339099151
322,95,57.5248082853,4.3000942456
102,7,68.0995048437,-18.2242812014
118,23,491.6615599839,68.9470702476
115,18,6.8125106962,4.9260359001
318,89,324.6980609729,61.2369879049
315,85,1.7713957072,4.8307856186
223,65,84.6061137441,-12.6104519256
115,19,6.9899322910,2.4048360997
215,52,2.7550575270,-0.0697668971
115,21,29.2224250167,29.9251623950
201,36,21.5265650171,-18.2331339510
307,77,24.1863592016,28.8878387574
313,80,66.0320218511,11.0325261810
101,4,50.0847347907,14.4911577318
222,59,39.5669846009,4.7310854384
116,22,80.9705857068,-46.9804319262
113,13,84.0092839719,35.2824830723
323,97,39.1337914436,-2.9986677231
301,67,20.6210935408,1.3539971980
301,70,18.8109267597,-40.4671175694
214,48,0.0000000000,87.4820112843
107,9,11.6883522097,9.9984305981
322,93,46.3288309784,1.4198066936
307,76,54.3830641580,-4.7340157992
302,72,14.0545901433,-4.3376226806
223,66,117.9167385767,47.9881795967
207,43,22.5637439429,10.1310244961
322,92,46.9993875418,5.0158101678
323,98,85.0654140397,3.9053763636
102,5,19.6982542699,7.6654247806
122,28,40.6622344846,-1.2211393476
315,84,3.3331919667,3.5899713138
215,50,1.5746973639,-0.5874890366
102,6,10.6094468316,5.4461684150
207,42,15.1780468982,-1.7923661469
218,56,401.5778026670,87.3183117452
313,78,102.0202601570,1.8293110640
123,32,51.5182227833,-16.4272452740
314,81,0.0000000000,-13.7193596462
216,55,116.3122855999,71.3363709465
107,10,44.2311375868,10.4735707602
202,39,14.6473636386,0.3742516281
307,75,53.7023836141,-9.0023445789
222,60,58.6107742885,2.3620169909
114,15,0.0000000000,-22.8483498421
301,69,50.9165952505,-27.6764452091
315,83,4.2583514585,3.1337255702
323,99,236.6496617864,9.1536852957
122,27,52.0347893084,0.9182536856
213,47,48.5545207341,48.8093025432
302,73,7.3927960854,-23.6403259588
113,12,96.4405801953,-4.3203868999
322,96,61.3285390227,1.0221402797
123,33,176.6619013418,-9.1012597544
202,41,4.0531566352,-1.2028366240
222,58,53.1118149013,4.4566986524
--end of generation dispatch
