--generation dispatch
bus id,unit id,pg(MW),qg(MVar)
102,6,13.4816502460,7.8531547044
102,8,54.1707335799,-11.4931510693
201,37,36.3747612136,-22.4971853649
207,42,24.7151355564,-6.0547645062
215,54,97.3004211652,2.3787293971
222,58,55.8592226562,7.0885916371
102,7,54.1707438441,-0.1727694500
323,97,73.7277982390,0.2138416521
107,9,31.1181848242,11.0113290864
201,35,15.4657973935,1.9262038493
114,15,0.0000000000,-18.8228387133
218,56,322.6375553951,65.2890734464
322,92,38.7718402834,2.9195627055
202,40,21.3525058137,-8.6806145538
322,91,57.4776556047,2.9499137397
201,34,21.5140080196,1.2187335133
107,11,50.5925221019,-12.3113628890
302,74,28.7557267646,-7.4531345784
302,73,22.1272348767,-24.2164563460
307,75,13.5537072166,2.4508720139
221,57,305.9114701261,35.8924594490
321,90,412.1798431070,47.4957017472
302,72,10.0867641851,-0.0976211097
122,28,42.8415262025,3.6162741626
115,16,7.3449854039,3.4094160740
215,49,6.1355811458,4.6134270953
115,19,0.7357188215,1.2909264221
201,36,13.3359326438,-23.4971498476
301,69,6.9061892318,-47.1254385634
101,4,36.9450820668,18.1001612008
222,61,50.1817638307,3.0321890039
323,98,46.8964079893,-14.1918574153
301,67,11.3436577307,0.3428500282
122,29,36.3656508388,8.8154315164
223,64,63.5663645979,3.3761924390
315,82,2.0106725932,2.3570178749
315,86,6.2870824825,5.7656782564
215,51,3.7788682691,2.8714535362
222,62,42.5395204822,10.6956686178
122,27,62.9340575474,8.4294350645
301,68,15.9247593811,5.0195276340
101,2,18.6455896077,2.7546691613
101,1,9.1260524781,7.6790857552
313,79,49.6351561151,-8.0040571127
215,52,2.8661118374,2.5430029081
101,3,22.8120283222,12.2860754731
222,60,40.9534066167,-1.2963159985
123,31,115.1105458473,-54.9936309975
318,89,334.3439514709,47.0491443434
307,76,90.0171752559,7.7284322569
316,88,41.0640969433,49.5880212540
301,70,36.6917021249,-28.9997058341
213,45,123.5741508582,-9.5140600024
313,78,130.2978421635,35.1798340565
115,17,7.9825946484,1.2538741996
322,95,41.8698975730,-7.3737192332
115,20,0.5934797690,2.4371059746
323,99,267.4473565031,65.9647577218
122,30,58.2826337406,8.8793856079
207,44,8.6416723386,25.7337885462
213,47,81.2675963760,14.4058398900
215,50,3.2363973743,4.6284193983
202,39,16.4549021154,3.0292494778
322,96,45.4821825407,5.6213840859
313,80,21.0528106152,18.5770125219
216,55,18.3943587458,65.9812941612
115,21,89.1800426520,18.5081334171
102,5,12.3540636325,3.0537255967
307,77,27.8884864624,12.4679626565
107,10,20.5011540386,35.3688758300
223,66,155.5636620082,33.7275868030
202,38,17.8220370775,-0.9750898484
121,24,376.4465849819,126.2999065264
122,25,60.3640453775,8.4758698184
123,32,22.8417317871,-21.7780186195
223,65,40.2287272204,4.7913921532
115,18,3.4639103870,3.0903048075
118,23,351.3734076395,30.6823624929
322,94,35.6074841444,2.6465719076
302,71,12.3795976116,3.7799727983
222,59,45.1789328685,2.8734238647
202,41,14.8323212100,-6.1885698359
123,33,100.8159284076,-37.4125831562
215,53,1.1870884556,3.8883427256
315,84,2.7575950462,2.6892606277
113,14,139.4966138235,-13.5929141525
113,12,113.4215570614,-17.1486592358
314,81,0.0000000000,-25.8158519867
207,43,39.9600021286,12.0596448305
315,85,4.3752590737,2.3391986937
222,63,48.1296189009,-1.1102131433
315,87,44.6092157921,62.3002064585
213,46,18.2911799823,23.4122190208
214,48,0.0000000000,107.8487805413
315,83,7.2251344936,5.3177056377
322,93,56.8214596932,4.5198541715
113,13,77.7033797371,-1.3835947088
116,22,90.6095571376,-41.5487250360
122,26,62.1884598375,1.4868815127
--end of generation dispatch
