--generation dispatch
bus id,unit id,pg(MW),qg(MVar)
213,45,46.1420863321,-0.6586908790
222,59,50.3848586290,2.2636350866
222,62,64.4804708320,1.7557622075
116,22,82.8024962095,-54.9789760144
122,27,48.9614589773,11.4960186991
323,98,72.9282569198,-23.2505698511
122,30,63.1953432394,5.7536419920
115,18,2.6003972993,2.2745754572
215,54,113.8995684651,83.4443451837
301,68,16.1479392553,2.7158281808
215,49,3.7099287934,5.7402219211
107,10,3.3864236681,-7.9346020147
315,82,4.5821134313,5.4596389532
115,16,4.2997909775,3.6155989485
101,1,20.5917902266,-1.9914327962
314,81,0.0000000000,39.2942300562
115,19,4.8752709403,0.9981365239
302,73,8.1988064062,-29.3530998809
113,12,91.1008463999,-6.6792378002
315,86,7.3759200009,4.0993063206
213,46,140.3002365320,-11.1196935535
202,40,42.7207530741,-24.8987362537
313,78,74.4648436238,23.3673820334
322,94,51.5365748257,-2.6485652629
322,95,62.5599008953,4.4605942911
201,35,16.3629707134,-2.1806557500
313,79,158.4472720641,-3.1177451750
307,77,16.2993911689,6.0394719199
201,36,16.0949734517,-18.7860890101
115,21,35.9518036551,-7.8895547433
207,44,75.9076350543,24.8402168953
322,93,44.4568405511,2.0586960104
222,61,61.9564336808,7.6321992143
302,72,20.2577960056,4.9219921049
316,88,55.6343104483,90.0702785332
102,6,14.2396245307,-0.8136380571
102,5,18.4720800185,5.5067584210
118,23,441.3880827207,139.9163583904
107,9,21.1899180361,9.0558853666
302,71,11.9968310011,1.5862168756
207,42,73.5664519703,7.7445775081
322,91,46.0070812678,-0.8502659363
216,55,54.5719265850,89.8790357084
315,83,7.0979146316,5.7211180676
101,2,16.2310737880,2.4665717615
122,25,63.5703454201,6.1129688965
215,52,2.1243771397,2.9037877036
318,89,446.0676380678,82.8234777761
101,4,25.6821797288,-32.2674401475
115,20,1.7416822571,1.8599730090
215,53,2.9235180197,4.2517159604
207,43,41.9798423431,-15.1743931443
322,96,54.4253648704,-1.7647999143
113,14,28.7639431042,-2.3485814447
307,75,35.9262032582,-9.7163124961
315,85,1.0225555767,2.6741788787
313,80,87.0282904693,-8.4959859154
302,74,19.7087746315,-14.9145653947
307,76,20.3458962474,17.7228626984
215,50,2.3704151601,4.0125187664
223,64,60.3341551727,-35.5250595410
218,56,305.4104683221,68.9084331108
122,26,53.8452598777,9.0206023259
201,37,16.5031169702,-17.0979761012
301,67,17.7755391569,-5.2340847084
123,31,46.0655287834,9.8427527748
315,87,49.4399915591,53.0461613037
122,28,64.8290088811,8.1752505664
102,7,40.3944124322,-15.8276520984
202,39,15.2883365987,-1.9582382103
221,57,328.5426584629,48.6232945313
123,32,61.9442181611,-5.6957165453
202,41,15.9254458215,-29.0522898145
201,34,11.6468638249,0.1704179323
301,69,21.3447202021,-40.4484046217
213,47,44.7434394239,35.9412853053
222,63,45.7118269822,7.1786787102
322,92,52.0915424476,-0.4525855756
223,66,82.3507499377,5.6582611864
113,13,21.5518889327,-1.7476397464
202,38,15.5965093026,-0.6480438218
101,3,19.5147484230,-21.4804807992
222,60,62.3922375929,2.4393031373
301,70,11.9628213045,-38.4494636078
122,29,42.3770490602,2.5703222750
323,97,72.9258808303,-11.1818426650
214,48,0.0000000000,-70.2793426122
102,8,40.3944145635,-32.6417991731
223,65,60.3197884006,-20.8440811746
321,90,502.0430570971,103.5296281310
222,58,62.4467963997,6.3843559980
115,17,0.2872232904,4.2324649028
107,11,25.3491183615,2.9583517250
114,15,0.0000000000,92.1266892650
123,33,33.7285391123,51.5012893155
121,24,322.1521985975,75.0837940420
315,84,4.6166274576,2.0800840322
323,99,124.2143693967,48.2375302804
215,51,7.0573216448,4.0136984370
--end of generation dispatch
