--generation dispatch
bus id,unit id,pg(MW),qg(MVar)
315,86,0.9386038448,3.1750249497
207,43,57.4730333226,32.2320900208
222,61,39.4543759273,-2.3806301924
223,65,90.7446874570,-58.8359818272
102,8,71.7242510670,-7.5036685070
116,22,33.7637770665,-48.3758973853
307,75,27.0531404390,-0.3547384171
222,58,49.2671369206,3.0366149021
113,12,46.0417954147,-2.4450533143
323,97,71.8159566999,-15.3380439615
102,5,10.3955738929,2.1058344089
123,31,38.2588591376,-7.0845072673
201,35,13.7410400687,0.0402505851
202,39,14.2810708896,2.0762677773
115,16,0.2416525148,1.7580787992
302,74,24.6314619818,-4.1622919140
123,32,75.5188584023,-28.0748106962
322,92,49.5459325590,4.8222200161
213,46,26.0385329474,37.6299614871
102,6,21.3564892461,-4.5237322964
107,9,59.9106381361,31.1650657595
322,91,49.2206865598,-0.3269173063
216,55,76.7998963142,68.8042675248
215,50,0.5329153414,4.4348930090
114,15,0.0000000000,2.9213305443
315,83,5.7102238135,1.5322636902
221,57,340.0273743140,59.2452746267
301,67,21.5748204100,0.6347172920
101,2,21.6081326719,2.3059114032
318,89,395.1696550053,94.2813264637
115,20,2.2470002482,2.3974403744
301,70,6.3678851952,-23.9798290459
222,62,58.6023307526,-1.9904035740
321,90,411.8144821196,81.1956803906
215,54,86.1128808121,57.7488390923
215,52,1.9911288789,5.7673668465
322,93,61.2432274015,3.8757093615
302,73,8.8030201404,-6.7480168765
201,34,11.3522265954,3.0547784026
202,38,10.7640882112,0.2700163100
213,47,159.5476404631,-13.0891742906
302,72,22.4435321136,-0.4938185256
113,14,83.2007234693,17.1634459640
215,51,0.6016516507,1.3341701245
307,77,6.2602768397,19.9596997946
315,84,4.7822605912,4.8963998008
102,7,58.5334694111,-4.8658102777
214,48,0.0000000000,-15.7046038392
107,11,4.9596101500,4.3670268992
122,30,48.1793403861,1.1733339678
215,49,4.0292580026,2.8725506259
121,24,517.2859921667,113.9426287387
122,25,42.5123217100,5.1960201261
322,96,55.8257448349,4.9528860637
323,99,165.6687598043,52.1513877617
323,98,71.8151990367,10.9525892624
201,36,26.1991373154,-25.2622272655
222,63,53.2014035973,5.7017460138
315,82,5.2749023318,4.4958507687
118,23,437.2395057223,172.9613590877
215,53,4.1883339187,4.9472025016
316,88,60.9168870201,60.2889409217
101,4,56.3133742993,-39.1292451947
202,40,26.4190646871,-19.2293657834
223,66,135.3067761575,11.8412402717
313,78,128.4486475449,-7.4738533716
113,13,37.0446452468,-37.4917048697
301,69,43.8200641664,-11.8153648273
313,80,10.6845900746,0.2601313232
115,19,1.9348171525,1.4296637296
222,59,35.6924483324,7.8059556693
115,21,25.1759974763,28.1992231313
223,64,42.6119562764,-7.7448019215
307,76,16.9381769220,-11.3437663402
107,10,48.9806703265,1.1448500919
315,85,2.0590821541,2.8709821432
218,56,366.9968240766,59.9189793705
115,18,2.9927228675,3.8649619782
207,42,35.5640467328,24.4458479831
101,1,13.9555204096,3.0137285365
122,26,56.9656224761,0.2025521178
207,44,37.8942274722,-14.6386074297
213,45,39.6638255751,-27.5918703540
315,87,53.1423833345,66.2324832399
322,95,42.5310424205,1.0988416202
201,37,26.1990478709,-1.0837467245
123,33,117.2759277649,-19.3689439449
314,81,0.0000000000,23.5172324456
322,94,44.4768332296,7.0471786974
202,41,26.4190540395,-24.6586352130
115,17,5.3321478514,3.4112972927
122,28,55.8744018435,-0.2013653392
101,3,56.3133271243,-13.0932671171
222,60,46.1269505652,1.7416102014
122,29,58.5846037816,6.2927543510
313,79,18.2587476684,-2.5303205143
301,68,9.0518043731,0.6021597864
122,27,54.4155475011,4.4627157529
302,71,21.6465535728,-2.6794065169
--end of generation dispatch
