--generation dispatch
bus id,unit id,pg(MW),qg(MVar)
35,1,2283.2188146711,785.8110527222
45,1,872.2228162697,303.4899560416
138,1,449.0243633421,-207.6468743829
149,1,862.6479315438,199.4412463967
11,1,572.8352388339,-251.0310984867
144,1,1700.3640252289,55.0172648118
148,1,1116.3833418090,107.0188023950
30,1,1305.1142237941,786.8592049450
77,1,2585.9779625615,-59.3699358682
40,1,415.0121029095,194.8268879768
79,1,4675.5547913066,-1220.4297384539
103,1,622.6248003119,-122.5721006388
112,1,641.2177786103,-155.4080168281
43,1,394.0654517342,85.9196677275
18,1,463.4815613170,-278.7316236001
13,1,534.8632642902,168.8443938617
140,1,1070.8440425217,1174.2950672276
36,1,1029.6829586086,562.3470133417
6,1,829.7227188466,-54.1683642348
162,1,532.3715126265,156.6734433857
15,1,685.9489300084,198.5355749842
4,1,705.0647341384,-130.3052255971
159,1,963.2562539743,-115.2694861325
118,1,1166.1121405318,2158.9675134341
70,1,674.1703492695,-325.5773813305
65,1,1404.4387665669,180.1472713258
116,1,574.5483481471,-12.6565595770
9,1,1293.4043474647,564.9857113099
47,1,73.5889122919,20.8633216248
--end of generation dispatch
