--generation dispatch
bus id,unit id,pg(MW),qg(MVar)
215,49,5.3268364026,5.2000512125
113,12,15.8276910659,17.7340672731
322,96,40.8677379371,1.2694886563
322,91,36.9150536208,3.8187749314
301,69,1.3234794396,-34.9277549614
315,87,51.9152104363,80.7739947937
113,14,119.7384144722,-12.1641312791
322,95,55.8696266314,3.1032983400
222,60,48.3321796923,5.7174259398
101,2,19.2892951818,8.9888660240
213,46,54.7844370084,19.1419265079
322,94,42.1902316859,7.1067343068
118,23,330.8614914780,98.1914958825
222,58,44.1304814101,5.8752949172
123,31,48.9953412633,-79.9242496945
202,40,14.6847929007,-16.4557911127
315,86,1.6731760056,4.3808056666
301,70,10.7710713110,-34.7251542745
201,37,27.8874538267,-30.5701703800
221,57,511.6454647634,67.1109913078
202,39,17.6843354164,-1.2977109365
115,19,8.6432661697,4.4927562463
102,8,57.0995590588,-15.2392364078
116,22,56.9794570155,9.8111044618
323,98,29.2356604866,38.3617335565
216,55,57.3539376031,73.0972475762
222,62,41.2700823468,-3.8042282053
101,4,66.4258899021,6.3275338603
102,5,15.4271296264,6.5138676439
215,52,1.0839240162,3.4000454026
115,16,3.5431206401,3.2408297815
123,33,77.7781399408,-36.7246922174
201,35,13.0765718963,0.8715183169
322,92,54.2467350563,-5.4555796752
302,72,18.0971651401,1.9501724605
122,28,54.0451621543,6.0094881192
218,56,459.8317165615,86.3817703533
122,29,56.1161218444,-6.1837822064
215,50,0.3920244074,3.5654596657
223,65,91.3273751661,27.5700820339
202,41,9.5449653050,-16.6028942922
115,20,2.6639576718,3.0552975829
107,9,13.0704773722,-27.8411019675
315,84,4.7637597357,2.1987472678
107,10,12.0090904196,-2.2725692046
122,25,47.1638603648,6.1552781887
322,93,52.0662426184,2.4952292191
313,78,53.2823781405,14.3741086453
102,6,18.7326913754,2.3589058765
215,51,5.5546214045,2.3800439963
302,71,16.8724830890,-2.9425368629
323,97,94.9614151638,18.0951352803
307,76,62.2412335853,-15.4183268593
313,79,130.6927180090,4.5657843582
121,24,471.6789335812,37.4509350083
223,66,133.3178496282,55.2324106606
201,36,36.7451925445,-35.9052711651
315,83,2.9776305940,4.6707576260
215,53,2.9948602780,4.7261900768
114,15,0.0000000000,12.6231158270
318,89,512.6364812363,93.7352213193
207,44,57.4314851622,10.3781873395
321,90,383.7300778115,64.2167529158
307,75,26.6392702377,20.7125405616
115,21,42.6103252716,26.3422405228
122,26,55.8374431147,0.7833167386
222,61,55.0371200365,2.7022438164
307,77,32.6222080096,0.3328218829
214,48,0.0000000000,106.8374880813
102,7,91.6196276986,-20.2463181340
122,27,39.6844428545,-2.0061321259
201,34,13.6636208676,1.7938128074
213,45,25.0378475849,-8.9665645694
101,3,66.4258835257,15.9051803781
316,88,23.0982896168,52.6427001154
113,13,48.9825186194,-27.8740367887
202,38,10.5747240578,7.0996296496
213,47,17.3657053570,31.6878102863
222,63,45.7191558562,0.1370700196
107,11,2.0223139397,26.9076195241
301,67,15.4837325723,1.7162228053
207,42,23.7592704084,11.0347495517
315,85,4.8285836332,5.0949195141
115,17,1.8382640110,2.4627461440
215,54,51.4335007541,77.9002773020
314,81,0.0000000000,12.0240585413
302,73,54.1931498510,-16.4243246552
115,18,6.2095582835,4.6386284954
222,59,39.4503882115,4.7896993481
122,30,45.4084179387,1.5468106396
313,80,59.9060000904,-8.6419396327
223,64,45.0893881723,6.5234618701
123,32,52.5087180243,-33.6974794609
323,99,206.7825226527,-47.7034005540
315,82,1.4589856489,5.4377377381
302,74,7.8209345805,-8.0540928296
101,1,15.3141263450,4.9811030662
207,43,27.5484558615,-2.9459432770
301,68,13.2981652989,-2.0230581901
--end of generation dispatch
