--generation dispatch
bus id,unit id,pg(MW),qg(MVar)
40,1,375.7316244224,-113.0683325355
159,1,1199.6258067604,-3.1069591466
11,1,744.2035913398,-164.4686560783
103,1,553.5580449522,-290.5648125397
30,1,1831.3652311891,681.7106046472
45,1,807.6217262792,456.3607873101
116,1,978.1805356336,227.0350205692
13,1,417.2726675308,-189.7193204194
112,1,848.0919213169,-26.7491429215
15,1,1283.4177670312,-93.0433110622
6,1,787.3114818972,-98.4088661932
148,1,1147.8888275557,-71.7910874350
70,1,642.4709779609,-331.8550259333
9,1,833.5361230942,-292.1595850686
144,1,1780.3384818832,218.4740737315
118,1,1886.3779686370,1301.4704840641
4,1,752.7822249713,-94.0462209051
162,1,387.8225276771,137.8228645222
77,1,2395.8270145841,651.2562104555
35,1,1172.0600043354,930.6981551146
138,1,588.6255102844,-258.3848183438
79,1,3090.1222729702,-1405.3069037637
36,1,331.9887897862,445.3666698309
47,1,226.3213377795,9.4779384080
149,1,964.0837662664,39.9747132881
18,1,527.0764331118,-300.5708639357
65,1,1416.2495018397,191.3871170192
43,1,618.3670498326,63.8465464525
140,1,977.8947356824,783.6971341774
--end of generation dispatch
