--generation dispatch
bus id,unit id,pg(MW),qg(MVar)
222,63,50.8582891831,5.2487787336
202,40,0.7313399224,-44.5591564908
301,67,14.3554201440,-4.0940164834
201,36,50.5267863916,-27.4782566961
223,64,58.6519824787,25.5664317287
322,96,56.6732405085,8.5219873004
202,41,29.0282765140,-18.8089144530
122,25,44.9573913105,-0.5041102067
315,82,4.1886670275,5.6318913538
314,81,0.0000000000,12.5793545542
222,61,56.7084184759,4.4566176076
122,27,40.5173479048,-0.9855037088
301,70,25.0390568246,-31.6268564375
322,93,46.3769553351,-1.5317820798
323,98,37.7637363878,1.6238609463
215,51,5.1675351869,3.9157651202
301,68,18.7646756513,-4.9796101907
101,1,19.6474222238,3.4301681937
315,87,103.6096187435,71.1969397985
201,34,17.8227728465,3.7875885740
113,13,77.7547213815,5.2082643160
322,95,59.9762270256,2.3035457227
123,33,218.2863157555,-82.5615348813
222,62,45.9841015055,4.4683144270
302,72,20.1471925004,-1.0910881853
101,4,73.0337579737,4.6726697165
207,42,12.1438290889,15.9729438517
102,7,77.1959306597,-3.6257522647
215,54,48.8499009977,44.2000099120
313,79,89.6450274915,3.6515256048
101,3,56.4644194974,0.0720478113
216,55,93.4193745228,-65.7644717786
101,2,11.5626262294,6.7383412560
207,43,60.8402705612,-5.3258988116
302,73,15.9511832767,-2.4057113643
107,9,39.5311171783,21.0396470231
307,77,29.6021577599,11.2423345975
323,99,106.9900330761,13.4294441504
123,31,58.2086914755,-39.2785272956
122,26,44.1557820425,1.9190212784
313,80,107.4904302336,19.6156577327
115,17,3.1983607802,1.6048723416
113,12,105.4700045109,-13.3281523358
315,85,2.2311919272,5.6024875351
218,56,350.0657479712,128.1472813383
122,30,59.3844085308,2.3844106491
221,57,334.7276533479,76.4405248512
222,60,62.4891653289,8.0261373269
223,65,28.8509745509,41.9717707753
215,52,10.6342372691,1.7675046932
222,59,42.6877642823,8.8225143591
121,24,435.8860327747,126.9947755575
114,15,0.0000000000,39.5480806905
102,8,95.1642715229,-6.8884065212
115,16,0.5272816943,1.0556887474
107,11,23.8173669495,8.3956450419
302,71,20.1166263193,-2.7318409175
118,23,401.7140886016,158.0174929515
115,21,47.6671009558,-14.9787713927
315,86,0.1628848691,3.2317461245
318,89,440.7896364715,136.1074832702
323,97,75.8874648171,-43.9092315351
122,29,46.9553281255,2.4945526518
316,88,124.5655676944,48.0233190112
115,18,3.7428482635,3.9524495320
313,78,56.5211837732,33.2166734358
116,22,59.1460036305,-37.2544390515
123,32,3.5672057347,-56.5253040246
223,66,41.7368171690,42.1357752299
113,14,100.5739955966,-13.0667226163
115,20,4.3030391229,1.7263503806
122,28,59.3424527887,-0.1781039112
201,35,14.3059512653,3.9466263118
307,75,38.3274329046,6.7216429302
202,39,13.9301906295,-1.6794943799
301,69,22.9192406668,-15.7003386036
213,45,69.0906539852,38.0995821920
201,37,27.6604048986,-21.3892468638
207,44,62.6649584842,3.8936626386
322,92,44.0079331077,3.1673055588
213,46,14.6291003863,18.6188098256
322,94,53.3686792832,2.4029466083
102,6,18.0996339978,5.4295814765
107,10,50.2686048183,1.5845432870
321,90,363.7732912091,121.7958537080
215,53,5.7656026192,2.6578611987
215,49,2.3565166987,1.7114340517
307,76,68.2939813926,-11.3715617525
214,48,0.0000000000,129.9491974041
213,47,138.2574949610,0.2704851946
322,91,52.1314878208,1.9476157686
115,19,0.5416907424,4.5177751399
315,84,3.7741689244,2.7106763666
222,58,61.4262294285,5.6486961235
202,38,19.7837230044,1.2096938111
102,5,18.1626821656,3.2889861604
215,50,5.1894253689,3.3841965608
315,83,1.2870976558,5.5891344592
302,74,3.4285664391,-24.8541509046
--end of generation dispatch
