--generation dispatch
bus id,unit id,pg(MW),qg(MVar)
214,48,0.0000000000,-20.0433149069
115,17,4.3785958146,4.5382359390
201,35,13.5791053613,0.4506806142
107,10,19.8741986011,6.4844134702
313,78,44.9498693549,-16.5930687865
101,4,32.5950197757,-4.2479282914
321,90,510.0603498829,92.3181027970
315,87,56.0658582927,78.9590400164
221,57,352.4177964543,38.7133002870
222,59,53.4801946749,2.5724000170
121,24,409.8436023948,76.2455454924
222,60,55.8399809041,2.5718706902
122,26,51.2685648909,5.0115898295
316,88,77.6814198603,56.5890711318
115,18,2.2393812360,1.3885312376
122,25,40.2256161438,7.1680350506
122,27,63.3614392670,3.7413715813
207,43,16.6976073633,2.2647038654
101,3,32.5950230429,-40.3954721080
202,40,11.1087951751,-40.5334947971
123,31,48.8595168962,3.6296601004
223,64,58.9674326874,-35.7591195467
307,77,44.7846998929,15.2502233294
218,56,379.8642797721,56.0901569030
301,68,16.7404781103,-2.9629086827
315,85,0.0901047190,5.2721666837
113,13,62.9495494225,16.6633021110
215,51,0.4723015811,1.5078348887
222,63,59.2919814895,-4.6757073016
322,92,52.6301794551,0.3792729454
115,16,5.7306430050,3.7609975195
322,95,64.0470018196,7.2488540248
201,37,14.9654840490,-15.5502203030
318,89,360.7371293333,92.7630348246
213,45,23.9315179133,6.8150258601
115,20,0.2140961735,3.1846496110
302,74,15.4773650834,-1.1727524456
118,23,428.6882218997,82.1604360922
223,66,230.4119398450,8.4552689472
202,39,20.5120069381,3.2820537107
315,82,2.8896571030,2.8906074741
102,8,39.6648073197,-12.9030494394
302,72,9.5957550403,-4.0692863309
302,73,10.3179324255,-33.8709560644
315,84,1.2730106401,4.5641509700
302,71,8.8220620166,2.6046308140
102,6,12.2275139402,0.5217138176
123,32,48.8594874687,-5.5766227513
307,76,57.4634729257,-2.4693145909
322,96,41.2631602078,2.6377952418
323,97,75.8233090308,6.8111179595
201,36,20.2352649960,-36.1722269594
213,47,136.1028614596,24.1526625310
313,79,86.3309732010,-5.5793582497
222,61,46.8346669717,9.7144022481
114,15,0.0000000000,42.2713915457
202,41,18.5369996388,-1.5522631317
107,11,52.8490493458,17.5921574955
301,67,11.8919885732,0.3036592560
113,14,65.3300903073,4.0467868726
115,19,5.0167100713,3.7587278721
116,22,98.7876658408,-9.5787859381
122,30,56.4617441733,10.0566152619
207,42,27.7548138110,8.1397177937
322,93,61.4002780179,5.0576476435
107,9,42.9535928520,-3.5846173786
301,70,14.5433083125,-40.0606492919
322,94,58.5242221952,6.8528355782
113,12,81.5669011757,-0.5165333462
314,81,0.0000000000,3.9830781532
101,1,9.6671508093,2.7230162635
223,65,58.9674338028,14.7024631629
202,38,11.6354766223,5.4772167001
315,83,4.2761240678,5.3691803138
222,62,41.4766800828,2.8474232171
322,91,56.6446367004,0.0866408717
215,54,60.2781984744,37.8701510774
215,52,2.1909440378,1.2632053368
222,58,41.8916975014,5.1226349427
301,69,9.8194761645,-20.0542560747
323,99,155.3564137123,10.5813174851
201,34,21.6577156084,3.8253989304
213,46,125.1326497690,32.0243978818
215,49,3.0054806920,3.3540455602
101,2,20.2335092567,2.6229781962
323,98,75.8233091772,-29.9434682557
215,50,2.6347583391,3.7642192337
122,29,38.8673172866,4.6147081982
315,86,5.8164808451,6.0083450736
122,28,51.2690411856,3.8128563457
207,44,68.0273924093,0.5923930530
215,53,4.4791326645,3.9167614542
216,55,77.6924520911,66.1404261573
102,7,39.6648072911,-30.7750000483
115,21,63.7245568109,-11.9193405244
313,80,53.3964555108,37.7791336032
123,33,36.7185993746,17.7794736633
307,75,24.0603292477,1.7308991096
102,5,20.7563258742,3.4263891561
--end of generation dispatch
