--generation dispatch
bus id,unit id,pg(MW),qg(MVar)
222,61,38.1942494936,2.4278052106
222,58,55.8465983905,8.1830252696
213,46,41.9331149877,-5.4587011778
113,14,115.2667088897,9.6108368152
101,2,10.4051987522,7.0572401545
115,21,18.1735447219,19.0980192806
115,18,4.1163891862,1.1518289638
315,86,3.3138220279,2.6352617726
113,12,36.0103511592,-14.5091991607
202,40,19.8648417363,-14.9222495468
215,54,55.5410055019,74.5230851031
122,26,38.6807612633,5.4812908501
313,79,127.0584870722,-17.2750000665
113,13,86.7647356603,35.3397625479
122,30,37.9991884483,2.4516091018
318,89,343.1974567151,54.9877834734
215,50,2.0451468862,5.2071095473
107,9,50.2874894906,24.8930693768
202,39,17.3651510060,3.8263715921
214,48,0.0000000000,21.1593724385
307,76,32.3276784848,20.9986219098
215,53,7.8178084886,5.1159034167
323,99,242.1133731725,16.4897495461
201,36,22.1305819357,-12.0437806435
313,78,141.0592922164,0.4222158593
107,10,32.2583867551,-6.5130423573
216,55,36.2772704120,51.4625555194
115,16,6.3619138538,2.6386695620
322,92,64.8534182716,4.5091376554
222,60,35.3208644037,-1.5483479797
313,80,54.6535180963,-22.4632196501
323,98,3.7188299232,-8.4015383777
215,51,5.7225365987,4.5983139525
118,23,413.5431281053,45.8199968137
123,33,283.9926726338,-5.1979453927
221,57,252.1314112641,36.8870355192
222,59,43.5580382101,4.4537453201
223,66,101.8150714440,53.3966870033
315,84,5.9756657938,5.2144687716
207,42,68.4796664410,15.7403709623
215,52,3.9685431823,3.6232307568
202,38,13.0119414709,4.4964164746
302,72,14.1993235538,-0.7245597475
302,74,39.7771984953,-16.5017224751
315,83,3.8465826609,4.7134060585
123,31,65.9986735619,-19.5625002452
316,88,34.2588313929,51.4626694104
114,15,0.0000000000,32.6574399545
115,20,6.9115401685,1.7023834900
107,11,40.4678420548,4.0073345054
301,67,17.2928965574,-0.8309380451
223,65,94.5583256933,-28.9559472797
115,19,3.4773494809,3.3947443009
116,22,35.2484700629,-23.5359161484
218,56,268.2941859506,-11.2643228232
322,94,44.9838500144,6.6629732350
101,4,38.3128038976,-0.0383765799
201,34,17.2844334814,0.6373408131
202,41,6.5073203399,-30.0597150003
213,47,73.6725035332,5.6766964125
302,73,15.4653357284,-15.0721982964
101,1,16.6854121862,2.2631144801
307,77,56.6862581649,-15.3598393395
121,24,437.3454713721,134.7184424842
102,8,58.1861804434,-8.2740650563
102,5,16.3971093783,5.3552312635
322,96,46.7808872229,0.9548230672
307,75,39.5566743240,11.9286507827
302,71,21.9844051684,0.2268526818
222,62,40.1570252027,-0.9172830681
301,70,32.0143990068,-24.3438415875
207,43,28.2169954688,5.8312153195
223,64,64.8433011177,-19.6516975850
301,69,42.2335574829,-8.1947165839
215,49,1.7262212373,6.0982502585
315,87,41.3384748208,83.7491920600
321,90,316.9414269246,28.4924758326
322,91,36.5402784711,5.4958142642
315,85,2.1212856172,1.8850423772
115,17,0.8572436848,2.8184715299
213,45,71.2018370793,13.4832563661
122,28,36.2767956709,6.7776406040
102,6,19.5742128678,6.3596462849
222,63,56.2231051969,-2.5530645352
201,37,16.1984690185,-12.9067315268
314,81,0.0000000000,23.4827548972
322,93,47.4389814679,2.2313368277
122,25,60.3970548534,2.6390205955
101,3,38.3128038760,0.3907650681
122,27,59.5364204957,3.4722412198
315,82,8.4160645503,2.7607264337
201,35,18.8297719061,9.0614840298
301,68,16.8902152273,0.3469048595
323,97,114.5469826468,-10.1924488663
122,29,38.7013885263,0.9673015723
123,32,80.2842409040,-50.4385595220
322,95,64.7513643466,-0.7610926909
207,44,55.7782338688,6.7195351113
102,7,58.1861804344,8.0054332806
--end of generation dispatch
