--generation dispatch
bus id,unit id,pg(MW),qg(MVar)
201,36,9.8311604905,-1.1533733107
215,50,2.8725499558,2.0122629780
222,62,37.3347273179,7.5301781191
101,1,9.8606262791,7.7534510684
115,17,3.5766269054,3.4144907502
113,13,24.8886904249,-13.1928709448
122,26,37.9315852061,-12.3518866509
301,67,20.0333630218,-1.3924152937
302,72,12.6593869389,-1.5182584958
321,90,429.3229116499,55.0455762761
301,68,16.4008193727,2.8088014209
118,23,314.1541952463,145.5097485694
215,54,50.0507219279,-2.6893779995
222,59,56.8258499857,0.9924418183
322,91,40.9748758547,2.2551645005
316,88,89.1608271516,75.9822585663
218,56,263.4314456935,80.7094019836
302,71,9.5428076232,-4.8517102612
213,46,82.6813583321,-7.6313683369
201,37,41.2842510338,-25.6954017032
315,83,0.4838921092,5.0780397030
101,4,33.0690640468,9.8117084579
123,31,58.3567214229,-46.1443676322
113,14,124.8037739079,9.8353068314
202,40,34.6219577887,-23.5075289652
215,52,1.3346626508,1.6647497713
322,94,56.6165093131,0.8109451231
202,39,19.0027105431,3.2791034518
122,25,37.5735875628,0.2745825834
113,12,78.9314706462,-6.5438686610
313,80,75.8858446456,5.8963657238
302,73,24.2163235042,-26.9784345015
322,95,38.4451644410,3.6376122311
201,35,16.9645499955,2.6149019168
222,63,36.6010231935,8.4649017075
101,3,33.0689375832,6.2008719329
222,60,61.1995896874,4.9380227936
223,66,96.0979203342,6.0265269085
322,96,55.3775067379,2.2604006380
222,58,54.8818278070,2.0117482845
122,30,52.4379251608,-13.7407440761
213,45,75.2129006203,19.7489350393
115,20,1.5036792050,4.0015150598
107,11,40.7593167122,-2.7781605332
313,79,121.7634215540,-24.2637219841
102,8,58.3895442515,-6.8168464499
215,51,8.6269545389,3.3566499376
313,78,136.5960903736,32.0421664230
214,48,0.0000000000,23.9396573765
122,29,54.6759766167,-16.3599172055
116,22,118.3715177029,-26.9156422126
222,61,62.9085343438,5.2521299099
315,87,37.4793467808,60.8955080506
322,93,61.7141389366,1.9038023848
114,15,0.0000000000,-2.8153253731
221,57,261.8893294045,40.9411274800
202,38,12.4491751745,1.7450963046
307,76,38.8479666474,-3.1805500354
122,28,54.7454584240,-2.3454784594
207,43,21.7067337383,23.4209960763
307,75,36.3083791481,6.7301347652
314,81,0.0000000000,10.2399047797
223,65,82.1233556549,-22.5376213285
315,86,0.0311325873,6.1477772945
315,85,3.8301873660,3.2555689491
322,92,58.6690147346,7.5694308755
213,47,134.5868194708,29.6938294530
122,27,52.0107883763,-4.1265210359
115,19,3.8096906921,2.2597705643
101,2,20.5144580741,4.9290135092
307,77,35.7984183128,21.4395088230
115,21,71.4099981376,19.1284833448
107,9,40.0357380629,0.0446607168
207,44,39.5895735376,32.7053587951
123,33,170.7848581861,-51.9887972854
115,16,2.7861206657,3.9440184083
102,7,61.8535845052,-0.8344578945
301,70,23.1381761210,-10.3608876631
323,97,29.0254478348,-24.2488436447
201,34,18.8860999912,3.4152798001
216,55,107.4818151105,36.1824733947
102,5,18.0473191765,3.3461839479
207,42,23.6278498170,3.4162762311
301,69,19.2008429149,-32.1555644116
107,10,6.3148288001,20.8059458715
215,53,4.6550639638,4.0344358006
318,89,286.9768495773,47.8069603235
202,41,12.8897106517,-11.0224392609
121,24,309.5200636960,116.7385731759
102,6,18.7939056788,7.7288403775
115,18,4.3896013968,1.9803774259
302,74,25.9411005723,-17.5938879086
123,32,92.2061988030,6.2850799463
223,64,29.6859256358,-23.7991858043
215,49,1.7820284116,0.3087184428
323,98,64.6958577777,-12.3263305371
323,99,213.5367254018,29.7518180327
315,84,3.1063606147,5.3057632258
315,82,9.0753485525,5.4324673383
--end of generation dispatch
