--generation dispatch
bus id,unit id,pg(MW),qg(MVar)
222,62,59.8313200168,4.1496293732
207,44,11.6792483383,12.8514778690
315,84,4.0752798239,2.6865005295
115,17,6.6342609646,2.0539710251
115,21,25.1729168545,71.5154573845
207,43,11.7691395036,-11.3191710049
318,89,390.5952048010,76.6355729480
322,94,48.1270533402,8.1501452514
202,40,34.7706259185,-24.7323464368
122,28,42.1392987432,1.9899444690
207,42,57.5448886061,22.1729200211
222,60,37.2946171156,-3.5652730156
323,97,65.8714726012,3.0624950857
223,66,180.5030651642,34.2222705855
302,73,13.4349789714,-45.7854743772
315,86,8.9801037796,3.1928245153
118,23,375.1707477107,-3.8648642555
102,7,63.4073420741,-15.0427064442
301,69,31.3785211150,-23.0684766982
322,95,50.9686499786,-1.0507812604
302,74,20.4981868951,-29.9574245525
307,76,13.0713011615,-0.1002348909
202,38,13.3725416840,5.9731735989
101,4,69.2385159554,13.0573500826
201,37,32.5779340930,-9.5842719256
122,26,36.5213518493,8.2976968085
101,2,13.9467500647,3.9873100567
122,27,51.5677434063,0.5202652391
322,93,60.2350565556,-2.9226015377
122,29,49.7787922896,-2.0130438019
302,72,20.0873711937,-1.5255289569
123,32,34.7334609595,-48.9637125279
314,81,0.0000000000,56.0353294207
101,3,55.6505180239,20.6408074035
201,36,34.4880932271,-10.6462941860
215,52,0.2185959744,1.5495116831
315,85,2.4239558353,4.1456594613
323,98,60.4510660833,26.9792009717
215,51,5.2531270062,3.2743081954
215,53,4.3130104141,3.5601658406
322,96,40.7457303603,1.5116661030
122,25,57.7880933924,-4.6868308745
201,34,9.9087358308,5.3775329389
315,82,1.1635069888,4.9854891702
307,75,31.5102069057,14.0236699770
307,77,32.3632791138,4.7133263486
115,20,2.2656709335,3.2962542077
115,19,2.0101289651,3.9386175257
323,99,225.0302127604,10.9171298860
213,45,104.1312342956,31.4253615436
321,90,431.6424772928,79.1695822588
223,65,107.3584613369,-15.4853302554
123,31,104.7890288988,-75.5221932156
213,46,49.0745279793,24.0121797276
215,50,7.5959366704,2.6772547792
315,83,1.3376365499,3.0603751840
313,79,113.0570745996,-11.5872001364
223,64,63.1083202931,-29.9618378929
313,80,69.4169656494,44.8331560752
102,6,18.2698138890,5.9777691442
221,57,208.1642974013,27.1110110429
215,49,2.8900838850,4.5978875965
316,88,99.2282850160,32.6588939009
115,18,2.4492292042,3.2348296543
216,55,27.8622949152,60.3396200319
201,35,16.9902371354,4.5646752499
313,78,19.7820175588,14.1934702933
301,70,41.3813125975,-28.7590893795
123,33,260.6641269969,-60.0463384372
202,41,4.9282535629,-23.0727404734
222,59,36.0875394844,5.1145265671
102,5,21.4829516280,5.5135305061
114,15,0.0000000000,5.4536034491
322,92,39.8515675099,3.4042173823
101,1,17.9688572963,7.7144739400
113,14,44.0462297474,3.9928156140
121,24,475.9964738897,185.2110560539
222,63,38.6860170026,4.1726772102
113,12,27.3382105038,-5.1149635974
107,10,63.8466432432,11.8301791734
116,22,96.8396798125,-13.8788017634
301,67,12.7102019052,1.1965586571
107,11,67.7183626092,-23.4238650530
214,48,0.0000000000,45.5801123821
202,39,17.1706005171,3.4896615937
113,13,134.1281068749,26.4702306364
107,9,21.6329780372,15.1490656704
215,54,111.4892453502,-16.4983969454
218,56,229.5932212156,-1.9295475756
122,30,42.1401767406,3.6999928083
115,16,3.7058113893,2.1152133523
322,91,52.8930743735,5.9698878651
102,8,93.1579182528,-17.9545698842
222,58,47.5840602951,-0.9449688291
301,68,19.2400360638,2.6565554520
315,87,69.0897029380,80.3954251920
222,61,61.4266023921,6.3364991022
213,47,53.4094678584,0.5226891746
302,71,12.6132242449,3.1098389241
--end of generation dispatch
