--generation dispatch
bus id,unit id,pg(MW),qg(MVar)
107,9,54.2582939658,7.4692940652
116,22,38.6834818664,-18.0921038442
118,23,294.9103735927,62.3631886909
207,42,13.2847945528,-2.0066105307
223,66,108.2029774836,48.9811548442
322,92,49.3661923850,5.3654865439
322,91,48.4610611926,3.5952300905
201,37,24.5779386794,-21.4463928898
122,28,51.9759041258,5.8412132603
115,21,74.1491183055,55.8218049062
214,48,0.0000000000,16.5549055173
101,1,13.5397151926,-0.2205567514
213,46,7.0491130319,19.2755366881
302,74,35.6586477895,-6.7119876058
215,50,4.4394653048,2.8689610222
222,58,42.2053354260,1.6538152686
323,99,112.4784181884,19.0836967699
122,26,63.8487604657,-6.4355485136
307,75,38.1225365622,5.9680646710
316,88,7.2964478703,34.0688469238
322,93,64.2594212646,6.0642090171
314,81,0.0000000000,-1.3687751063
218,56,367.5278911239,86.5723359518
222,59,46.0340295177,1.9394961830
107,11,37.7244530607,-20.4677232376
102,5,12.0506500332,1.9447035540
301,69,29.0724697629,-17.1983101142
101,4,6.8994310242,-28.1825882107
122,29,47.6803826402,3.0271984264
307,77,31.9991821935,-6.4880099844
121,24,419.8829521592,127.5835467443
115,18,4.4158495544,3.6961528790
216,55,23.1895609614,62.2915286143
122,25,42.1129749134,8.0334009572
321,90,465.3890992602,103.3859277098
107,10,23.6297600725,22.3152269119
113,14,104.5571286301,-7.0161800906
315,84,2.9453230359,2.0055055626
102,6,16.3801504484,-4.0283934741
322,95,53.7792987287,2.6192063866
322,96,63.1580545477,5.2770902604
302,73,1.7336127191,-18.6690045966
215,49,4.6073045161,6.1036733780
215,52,0.9831344826,4.5512862490
222,63,38.1654432605,1.8872286874
315,86,0.1643249454,3.1015119653
207,43,6.1805656098,11.6533696126
313,79,56.6686686737,-22.2049645953
222,62,48.8137348465,1.8309018493
101,3,39.5854912640,-41.2471514513
301,67,14.2157186154,-1.2404889616
201,35,20.3425944089,-2.7595282907
223,65,108.6582551783,1.4967252763
213,45,103.2931722062,-1.3181859222
115,20,5.7768723713,4.7205875182
315,87,30.2392136671,63.5179632670
122,30,59.2355013570,-1.3313961382
123,32,56.0515919680,-38.5509515076
102,8,27.0566583100,-25.3550904651
114,15,0.0000000000,-34.5095936413
315,85,4.3095961094,4.0102132789
123,31,22.5159502562,-8.5801980298
115,16,6.2818339121,2.7679435545
215,54,41.2815750701,80.7852849774
202,40,28.6488611044,-24.3726685996
302,72,20.8876084059,3.3116239306
315,82,2.7313808315,4.3760857003
307,76,13.1887800165,-5.1044422385
313,80,84.7664501207,9.7187755678
323,98,56.2257243871,-17.3831516429
223,64,113.6528945565,-24.4794428557
115,19,4.3558901405,2.9034535596
122,27,47.6505393210,7.5691083230
222,60,55.3230028882,4.7028022358
207,44,30.1592434651,9.4451903508
202,41,6.3788928619,-31.3976516276
302,71,20.2694626319,0.8659144096
323,97,45.5457683968,-13.7709103577
215,53,6.3449630431,4.4739587443
202,39,20.2594748674,6.9832342452
221,57,431.9688953029,55.8824775187
202,38,17.9988781799,6.1301571274
313,78,15.1310132616,-3.7477713278
201,36,24.4358190022,-37.5169236228
318,89,483.9947040154,109.9805985263
115,17,3.1666893240,3.2638847626
123,33,257.1411841470,15.3465259270
201,34,17.2792825624,-4.0008976164
102,7,27.0566609467,-18.6910541029
113,13,60.8337582628,23.7882210386
101,2,19.3860893191,0.9618161639
215,51,0.8055823654,4.7206111012
315,83,4.9460958153,2.7268655639
322,94,44.8160102827,4.4130154583
113,12,68.1447078745,7.9674848914
213,47,67.7739345028,13.7710895643
222,61,50.7413889634,1.9624572959
301,68,12.2418568796,5.5618601384
301,70,24.5440496883,-33.8157150961
--end of generation dispatch
