--generation dispatch
bus id,unit id,pg(MW),qg(MVar)
222,60,59.2222784155,3.4938161604
307,77,37.6559739490,17.6778653282
215,52,6.3219173225,5.4917479328
123,32,72.4731145057,-6.0918181939
223,65,112.4303209212,-8.2319721626
122,25,39.4061548997,4.3646119374
222,58,35.4590676606,-0.5160242169
302,73,38.8702728271,-29.9095279867
202,41,10.3062258380,-9.6858292538
216,55,36.2527187988,46.5082886385
115,20,7.6798864518,2.7552202997
213,46,31.7616569052,10.1712639145
107,9,6.5962241287,29.0469051513
315,84,1.8159881764,3.4674648312
218,56,426.0568503029,108.4897510249
115,19,6.9140376862,3.3462399873
107,11,27.6482586295,7.7854433500
315,82,0.5360274001,3.3139848763
222,63,39.4721789190,1.3543914354
202,39,20.5160641807,4.9804073928
122,29,48.7876377290,7.3822140585
113,13,142.5144664057,0.6287667944
122,28,51.2731190201,5.4017134362
201,36,8.9953735730,-20.4179960151
301,68,14.1781398571,0.8310745792
116,22,8.2297083093,-17.1859024261
123,33,112.1937274546,20.1660649285
313,78,139.6156762864,-18.0687411809
213,47,101.9714845969,28.9028241585
301,69,41.6430466272,-39.9196719385
202,40,0.3661039010,-39.0196243481
314,81,0.0000000000,3.0275134455
321,90,309.8820394428,65.3524571721
201,34,11.5462599677,2.0672309484
214,48,0.0000000000,48.4761774453
215,53,4.9602378505,4.3168151143
322,92,64.0873433341,1.8659429221
318,89,282.9239510072,66.6155526134
215,49,1.2772948350,3.1284867693
222,62,47.0760480429,2.2609367212
223,64,52.7727510158,0.9057960987
101,3,44.9705710810,-30.8023224639
313,79,5.2218304929,23.7347253696
207,42,20.4697635619,14.5062120394
113,14,74.9559315973,6.0309875778
307,75,8.7776849044,-19.6354342552
122,26,53.7121192285,-0.4979950160
307,76,37.8407378122,18.6100747715
215,54,29.2188505523,56.1880669660
114,15,0.0000000000,-12.6378867533
301,67,22.0612713273,-3.9538073204
113,12,47.0304343372,12.3355935731
101,2,11.6243917258,0.5796545909
115,16,2.1009632142,2.1882579055
221,57,412.4348910044,61.2171926327
118,23,408.1556961712,87.1596277629
201,37,11.1438591224,-22.2150418290
215,50,1.9872982125,3.7240760690
107,10,61.2902177449,-6.7441828986
102,5,11.4363693478,4.7991937083
115,17,4.1702876057,1.1386322897
222,59,44.6938324484,7.1714035207
115,21,56.5270957337,14.5865590777
322,95,50.4376798443,5.3038444179
102,6,15.0906063961,4.5462649122
322,91,42.6573016419,3.7991403412
322,96,62.7201892197,-1.7692525897
115,18,1.4883038236,2.5117493887
302,72,16.5217206235,3.0132342166
202,38,19.6578833891,2.3047744093
201,35,16.4339714563,-1.0295214882
313,80,128.6451241043,26.1823988499
223,66,71.2049765768,-0.4574639615
207,44,61.0749982018,-5.8121180816
315,85,4.0259990565,5.2230319977
315,86,3.5779342499,3.3287378445
315,83,5.1076792938,5.0071696590
323,98,52.8292963710,28.3589340566
222,61,45.5128289827,3.2871409120
302,74,39.3062876913,-26.1066426706
323,97,58.4522820039,-70.4024725097
123,31,101.9356404037,-69.2612367761
302,71,12.3103348464,-2.5794625963
122,27,37.9509738426,5.0900266814
101,1,13.0672445222,7.5683424015
213,45,88.7508196953,1.5010160950
215,51,6.1992280550,4.8840601646
322,94,46.2936551537,8.4179898568
121,24,443.9524164784,104.1887335320
122,30,37.9701131921,10.5123642194
322,93,44.4265691720,-0.1536611664
301,70,28.2200122557,-16.2315854460
207,43,26.3366495753,11.1466622182
101,4,44.9705721192,-24.8556330029
102,8,64.5506538766,-19.5119681377
316,88,88.5221577809,56.5115516629
102,7,64.5506554141,-18.5236928119
315,87,47.0320473914,58.7002057457
323,99,256.6912982934,30.9340424025
--end of generation dispatch
