--generation dispatch
bus id,unit id,pg(MW),qg(MVar)
202,41,19.0903499937,-29.9248035817
314,81,0.0000000000,-1.6303631256
122,26,57.8087563463,5.7800025974
223,64,96.6059407163,-9.1934956395
222,60,55.1359923814,8.3124807773
101,1,10.5259351931,-1.3128468440
213,47,5.0529786895,3.5847118611
222,63,41.8994598581,4.7777080251
123,33,148.8984484378,-33.3473242374
101,2,13.4736557122,-0.0225814222
101,4,55.0006239904,-2.5007520148
123,31,55.6684548154,-41.1289567810
202,38,14.2877594866,0.9386848619
115,18,4.5007231647,4.5987292191
215,49,2.4741193096,4.4607938960
122,30,49.5526460744,8.0429037334
114,15,0.0000000000,-15.8516562126
202,39,16.0260174175,4.2124720187
315,85,5.9483207457,2.6527662684
122,29,55.1025577727,4.4537578031
101,3,55.0006968063,-12.5407624143
223,66,127.1991883328,89.0101688903
323,98,108.3613544238,-12.7445763644
122,28,46.3709921180,-2.5042353863
315,86,6.5794646911,3.3913956011
201,35,20.8823766254,2.5482795289
302,72,17.0937322501,-1.2464163106
215,50,6.2193556080,3.2614658371
102,8,66.2818071266,-12.9104026451
307,76,64.4029320482,-2.9232155505
102,6,15.2843432843,-1.9253987229
122,27,62.2457242989,1.3831738930
322,95,35.0508590675,-2.4886298808
115,19,4.9616589067,2.1592181413
315,84,5.2671653355,5.7987339887
207,43,24.6230381995,6.5650161253
322,92,60.1983942584,-0.3219281196
102,7,66.2818005346,-17.2302900653
218,56,342.1027173825,72.4965238440
315,83,2.1242976515,5.6311369196
222,62,49.4336164348,0.5688553091
213,45,81.0936481218,17.9717201556
322,96,48.7900368757,2.5744444357
214,48,0.0000000000,78.0552472958
215,54,73.3214260531,83.4593284054
201,36,37.9050845876,-31.7947903968
201,34,18.7733379145,0.6704292054
215,53,0.0108797967,4.0646642601
301,67,19.0482188584,0.4080304470
213,46,117.4373286294,7.1492128873
113,14,36.6888752618,-8.0230576391
322,91,52.2066011074,-0.5618975088
215,52,2.6158130626,2.8788232945
123,32,83.3457558816,-46.6854072093
221,57,385.5728629187,50.9680908019
307,75,32.3741460153,29.3909110827
113,12,95.7547863933,46.4349393534
115,16,6.7416642230,4.0112107577
315,82,3.0913851585,2.2748027715
102,5,14.1039583228,-1.5342273126
216,55,83.6700965134,60.7363004787
301,68,10.0015040776,4.2539915148
321,90,317.4589831843,38.3651314702
201,37,18.6532527129,-19.6421171751
323,99,149.4775213873,33.7435471876
322,94,40.0898183024,2.6696386103
207,42,16.0639049625,26.9225188086
307,77,1.6786580347,-6.0305226850
313,80,121.2270491806,26.3169227158
107,9,28.4925955569,-14.2907125446
215,51,1.1932790710,3.9670176855
301,70,21.2553870735,-15.7137250507
323,97,108.3613116028,0.3465672340
315,87,106.4484853729,64.8433017617
118,23,392.6209393654,52.5234672041
318,89,307.0574578185,45.2479605961
113,13,97.4770414056,7.5133411850
222,59,49.0403086064,5.3789102261
107,10,28.0551799608,-16.5302768550
313,79,61.3159318520,-29.8003219792
207,44,2.8464453656,-5.2202569264
115,21,73.9376068146,29.0516151543
313,78,70.0589828220,4.1045347559
316,88,109.6675438383,79.0838154633
302,71,12.6676189263,-0.8416850471
322,93,40.6477780783,9.8273940890
121,24,317.9549303259,131.4889382455
302,74,29.0952283691,-31.9295987772
116,22,68.2740829401,2.0031028459
107,11,7.2919487797,27.5269161647
202,40,19.0903558326,-18.8020005574
222,61,62.2730043136,0.8567470545
115,20,2.8836273355,2.9572858556
222,58,62.1544937581,3.5029336631
302,73,15.2830459874,-16.6086993180
115,17,5.0423912305,0.7335330289
122,25,62.3037667991,6.5883971125
223,65,96.6050482768,-33.2183910716
301,69,14.6379582527,0.3441686276
--end of generation dispatch
