--generation dispatch
bus id,unit id,pg(MW),qg(MVar)
214,48,0.0000000000,89.6102283591
113,13,38.3978166013,38.7031741672
123,33,204.7538472295,-8.5993781857
102,5,12.5610768602,7.3283385099
201,37,38.7635613648,-22.5358856441
202,40,12.4868738089,-6.6051396096
313,79,130.6741865029,-18.5220949260
216,55,60.9489078327,27.8230926621
101,1,13.7164524873,4.1572149513
222,63,36.1291933954,1.5328027776
102,8,50.8532576622,-14.6043745272
301,68,15.3299010693,0.3453109838
123,32,23.1360440754,-41.1650718755
215,52,7.5395513417,4.7558997306
213,46,87.0624600437,2.6613108902
215,50,5.0085789232,1.8267409724
115,18,0.3911082069,3.0229305976
321,90,283.0476390904,41.5650697074
301,67,12.1541495853,-4.9177516385
222,62,40.8165165861,-0.8400617224
107,10,60.7072697490,3.9843793605
122,28,56.8906483902,6.9810619135
315,84,8.3758504433,4.1393945852
222,61,64.4017448006,7.9225745832
207,44,31.4722302943,-4.9335394558
215,49,2.4993517837,3.8692606661
301,70,15.4635259606,-22.6688222937
323,97,82.1130840744,-7.5119834652
215,51,5.4504409760,5.2902224180
315,82,2.5863220332,2.3217076821
107,11,59.6989894661,3.1313153236
201,35,16.9232898872,-2.9088837732
323,98,91.9331178901,16.9039559475
315,83,2.7090911959,4.1826223319
115,20,2.2891520374,2.0520369380
101,3,28.6993365157,2.1335165112
213,47,52.1124117567,-5.4396472742
115,19,2.0424281000,4.3702139452
223,66,113.4956961092,22.1486794759
307,76,51.6916672993,32.5538013111
118,23,474.2602218773,170.4117833033
107,9,2.2039887696,-12.2505570790
302,73,25.2476657928,-31.5204154209
115,16,2.3980069478,3.7175550699
122,25,46.8006021376,12.9488510563
202,39,20.5602122379,4.5678919469
114,15,0.0000000000,-18.5228165493
307,77,28.5248531614,-8.3797265805
115,17,6.1427294278,3.4007562056
101,2,17.0186810001,3.0257645720
302,71,13.5895418489,5.1492364255
315,86,3.1096622284,5.5476586759
222,60,37.7233355385,8.9663161628
102,7,50.8532586168,-10.2863251710
122,26,45.9502434624,6.2995638847
122,29,36.5667227270,3.0695782716
313,78,40.6086528157,24.1177429862
316,88,71.8759987827,81.3791226065
102,6,10.5037767582,7.5885192262
222,59,60.1582830711,2.1593847183
318,89,420.2449284185,54.1726164493
323,99,232.8479589189,6.3272572434
123,31,46.3404003950,-54.0964811744
201,34,11.4582681343,1.4811735232
202,41,31.0709886392,-7.8034542852
215,53,2.4601924069,1.3825981249
207,42,27.8280209869,21.5955015880
223,64,44.5977431882,9.9637327106
213,45,19.2239361448,15.9943908330
322,91,37.6459787168,-2.3655100613
307,75,30.9466548290,-5.4717410395
314,81,0.0000000000,25.5952356128
223,65,125.8194496913,2.9910278647
215,54,13.4658509685,1.6074154540
207,43,58.3649126746,8.4892581542
301,69,29.0503865000,-27.8472687751
322,93,64.0184069948,-1.0453289501
113,14,42.8134021103,-0.7923236112
221,57,393.4420230189,53.9760990946
113,12,100.9020418877,6.5421367599
222,58,48.7208122024,3.1348774673
202,38,18.4640523208,1.7893143913
302,74,20.0515900236,-26.8831708043
122,27,42.2859837241,13.0621371367
302,72,19.5591645291,1.2055571738
201,36,4.3933204258,-30.8205365957
313,80,92.8660940357,8.5678889574
322,92,61.2996489845,0.0359798766
121,24,459.4237673492,81.1481829872
322,94,62.1322276664,7.7989882687
116,22,9.2671330154,-59.5443164846
315,87,71.7129791990,75.1139547458
122,30,50.6213294329,13.0790208852
218,56,408.8386130184,80.1030102615
315,85,3.0892900661,4.7652310888
101,4,28.6993364019,6.1460887842
322,96,39.7373328206,8.8386161526
322,95,45.9105484245,3.2249362335
115,21,23.8806969458,1.1285194328
--end of generation dispatch
