--generation dispatch
bus id,unit id,pg(MW),qg(MVar)
9,1,1151.2028013627,-213.7881459896
116,1,1019.0897975504,-48.7823966362
35,1,2526.8930819259,846.6316116384
159,1,388.6722464256,-47.7994485318
103,1,606.8216281249,0.5402487418
148,1,1000.7836948506,-73.4539000882
47,1,29.9627294445,4.4961152665
70,1,654.2449943814,-367.8001413658
112,1,856.9645523730,-136.6503302137
43,1,385.8186319779,37.5888763260
6,1,880.4402683817,-88.2034400850
45,1,954.8727923248,299.7318307966
79,1,2876.7644166351,-1464.2848928490
18,1,528.7532170228,-252.6753152119
140,1,1978.2380740532,818.6749896191
40,1,420.3245929541,-93.0038710780
36,1,541.2041126218,419.9575757369
65,1,1700.4302507936,398.2828300113
149,1,906.6600337084,107.6297791065
138,1,440.8210541802,-281.0394711488
144,1,1685.5348311813,136.5958358891
15,1,1340.5543977103,277.3261656789
162,1,604.6518374046,219.7462308547
11,1,664.3095020934,-157.9237631040
77,1,1115.5710350622,60.2936173079
4,1,750.2927398216,-109.2047465364
13,1,453.2669095982,-276.0805573124
30,1,2525.5099823586,918.7907950980
118,1,1958.7180613794,1463.7640485459
--end of generation dispatch
