--generation dispatch
bus id,unit id,pg(MW),qg(MVar)
114,15,0.0000000000,-0.2032854367
216,55,77.6924497130,58.2991654304
302,73,10.3177545134,-33.8806535716
102,7,40.5077908974,-30.7836017920
323,99,155.3564137123,13.0764925323
313,78,44.9498693549,-15.0043475286
302,74,15.4773650834,-1.1825030293
301,68,16.7404781103,-2.9302780176
102,6,12.2275139402,0.5131419621
315,82,2.8896571030,2.8722929664
201,34,21.6577156084,3.8453933501
202,38,11.6354766223,5.4343150727
307,76,57.4634729257,-2.5550978642
322,91,56.6666457544,0.5664887814
122,25,40.2476251983,5.2410471819
215,52,2.1909440378,1.4361404793
213,45,23.9315179133,6.8005054003
116,22,98.7876658408,-8.4746418876
314,81,0.0000000000,-12.6127922206
322,96,41.2851692615,3.0196185432
107,10,19.8741986011,6.4985711736
215,53,4.4791326645,3.9935070987
215,54,65.8149772906,49.4473116319
222,63,59.3139905427,-4.5939683239
213,47,136.1028614596,24.1373203741
307,75,24.0603292477,1.6453400231
107,11,52.8490493458,17.6062704268
301,69,9.2999851749,-20.0209427297
322,92,52.6521885088,0.6898070726
122,26,51.2905739449,2.2896515443
315,83,4.2761240678,5.3506196038
315,87,53.4748668711,77.9469049831
115,21,63.7245568109,24.4076072316
121,24,410.0196747728,95.3943009492
313,79,86.3309732010,-3.9861866325
202,39,20.5120069381,3.2422698131
301,70,14.5433083125,-40.0273060235
115,18,2.2393812360,1.5132045031
315,86,5.8164808451,5.9992330275
315,84,1.2730106401,4.5416204814
307,77,44.7846998929,15.1644751983
201,37,14.9654827568,-15.5293510430
222,62,41.4986891358,2.9075246123
215,49,3.0054806920,3.5420299059
113,14,65.3300903073,4.5658003541
115,16,5.7306430050,3.8470740865
207,44,68.0273924093,0.6537796434
221,57,352.5938688292,38.5886210383
118,23,428.8642942777,57.8773826881
207,42,27.7548138110,8.1853267301
101,3,34.9092163565,-40.4229239000
321,90,510.2364222548,79.3169567583
122,30,56.4837532277,8.0992090252
322,94,58.5462312489,7.3113738860
207,43,16.6976073633,2.3191522399
316,88,77.6814175749,47.3123822714
302,71,8.8220620166,2.5947645145
222,59,53.5022037281,2.6362037242
318,89,360.9132017055,99.9418955288
123,32,61.7111567099,-24.1703676771
223,65,56.6846048891,20.5799294174
101,4,34.9092171206,-4.2753412565
313,80,53.3964555108,39.3584154713
123,31,61.7111747127,-7.4125662451
102,5,20.7563258742,3.4178199027
113,12,81.5669011757,0.0023652772
215,51,0.4723015811,1.7170187957
323,97,45.0311924342,8.5898396900
222,58,41.9137065542,5.1501570602
122,29,38.8893263407,2.2801003650
115,19,5.0167100713,3.8930332631
123,33,61.0731606679,-5.7292026965
201,36,20.2352649960,-36.1512958496
213,46,125.1326497690,32.0101244797
115,20,0.2140961735,3.3238261123
102,8,40.5077910548,-12.9116479622
218,56,380.0403521470,55.8966892390
323,98,45.0312075742,-27.1249118270
113,13,62.9495494225,17.1785639247
301,67,11.8919885732,0.3360241359
115,17,4.3785958146,4.6239289281
201,35,13.5791053613,0.4707309291
222,60,55.8619899572,2.6257718241
202,41,18.5369996388,-1.6174682527
122,27,63.3834483215,2.1941143469
222,61,46.8566760248,9.7360397595
214,48,0.0000000000,-22.5670857055
223,64,56.6846034470,-26.9157438562
202,40,11.5217703896,-40.6016486408
122,28,51.2910502401,2.8290739949
101,2,20.2335092567,2.5958955403
101,1,9.6671508093,2.6958801018
322,95,64.0690108738,7.6352265047
107,9,42.9535928520,-3.5704814512
302,72,9.5957550403,-4.0791178940
315,85,0.0901047190,5.2404664129
215,50,2.6347583391,3.9674677296
322,93,61.4222870717,5.2734236795
223,66,230.4119398450,20.2537751394
--end of generation dispatch
