--generation dispatch
bus id,unit id,pg(MW),qg(MVar)
222,62,49.9795498981,3.4409346853
322,92,64.4662617222,7.1645120403
213,47,111.1683546753,31.1405658051
122,26,43.8189885275,7.3431614882
223,65,113.5521672733,6.4193515197
301,70,50.4698858908,-26.4716540714
323,99,171.1452696678,-3.2159945007
223,66,159.3146419567,-18.2138423821
301,69,13.7277995387,-14.7510088464
201,36,20.7011093887,-17.6624831591
221,57,387.2901840780,76.4838647035
113,13,85.9577232684,-4.3636238941
307,77,23.0095913132,31.5528435543
315,83,4.3126799317,2.4617365078
107,11,20.1673222297,16.4741432246
302,71,20.1006660895,-2.3472120942
102,8,49.5581688904,-22.1383255600
102,7,49.5581701680,-9.7351328746
122,25,42.0264569064,4.8279191435
215,50,7.3162626339,4.3070974618
302,72,18.7978153870,3.3971576495
122,27,57.0634767482,-4.4107463884
202,40,51.8501140202,-37.0913940454
101,4,47.3599345817,-18.9438943410
315,84,3.4817959141,2.6523878869
213,46,33.5603289381,20.1043675331
115,19,2.9466395582,4.2310584770
202,38,12.0276405387,1.6232930123
322,94,41.5683867345,2.0040650676
222,60,41.5256536592,-2.6164969547
323,98,119.7951917958,11.5899410615
314,81,0.0000000000,17.3265971049
207,44,52.7058718398,30.0558910274
122,30,51.1855651274,2.4242303616
321,90,415.5330097301,42.7473226815
201,35,14.7014467599,7.0678989882
115,20,4.1568439343,3.2975835746
315,86,1.5625863371,2.0386504225
318,89,317.2092878124,67.0448905329
307,75,68.9986853392,4.1618851367
315,85,1.6944642378,2.9190505517
313,78,83.9543560451,5.0824536164
315,82,0.6856241029,5.0196934804
114,15,0.0000000000,-20.3026540838
214,48,0.0000000000,22.8348575042
302,73,14.2900808810,-12.9882655829
215,54,80.1945699054,63.6564696317
113,12,17.7228023255,10.2628412101
313,79,32.3357331635,-15.2005457337
207,43,8.4647549816,-0.2179885107
222,59,47.7936572584,-2.5877891899
322,95,62.1185538225,4.0522393835
215,52,4.7287291242,1.8454853215
101,3,8.2818751348,-18.6645702971
215,53,0.1128430885,2.7202001868
123,31,104.4406388266,-16.9753154637
322,93,49.5288274256,3.2587616607
202,41,41.8928915379,-9.6120939363
222,61,54.3641781670,9.0656938999
122,28,40.9340238244,-0.7374022371
222,58,46.9719375556,2.9525508282
215,51,1.9842946988,4.5993230585
215,49,4.3578454089,2.2990219123
222,63,50.6448706568,8.3664020383
107,9,38.1441019579,-20.2385794416
201,37,43.0968512043,-13.0610491053
322,96,42.1633859100,2.3333058904
302,74,21.1154985347,-14.0211538135
101,2,19.2747035336,-2.1091991228
113,14,118.8098164245,-22.4312269234
121,24,332.1698633359,43.6880410345
301,68,19.3191214673,-3.9321018766
316,88,113.1848171257,48.5332625885
207,42,10.2183279080,7.0639623800
202,39,11.5215723328,-0.0317822439
223,64,113.5522232658,7.2487174504
115,17,5.5884601827,2.3495403025
301,67,12.9805694738,1.1299073197
315,87,106.9691622720,90.0802925417
115,21,60.1444941031,64.1985347374
322,91,47.8278136631,-0.6582663187
123,33,260.8705871979,-0.4624296246
107,10,17.3273632023,11.3858453848
118,23,288.3667151806,70.9816770770
216,55,92.6794467102,76.5550785620
201,34,10.9806067586,7.2902322024
307,76,15.7938324170,-19.9229623698
115,18,0.8634335764,4.6911666347
122,29,51.2756493454,4.3322845487
218,56,390.2594735005,73.9165226028
115,16,1.6904496287,1.7552737149
323,97,119.7951568496,21.6364885736
313,80,111.9290650059,-27.5254946926
101,1,12.8306475142,-2.4533201699
102,6,20.5977700697,2.4087478575
116,22,45.1891820924,-23.1620004032
213,45,56.8812021562,7.5986197039
102,5,13.9541045531,-0.0193073777
123,32,43.1337594551,-54.3993550817
--end of generation dispatch
