--generation dispatch
bus id,unit id,pg(MW),qg(MVar)
70,1,357.2338614430,57.0054067867
13,1,558.1099880671,-158.8190028952
149,1,928.7745178383,63.6813219063
103,1,544.4398718188,-261.0523843314
30,1,3028.7807633302,573.0727577245
140,1,971.9365847399,877.1656588116
118,1,1679.7578327011,1921.9505321181
35,1,1449.2887818944,661.1598432361
36,1,1015.0489519655,586.4039598646
148,1,1080.8308630351,129.3713898196
40,1,362.5616798738,-76.7873317068
77,1,3641.0890825926,503.5495988261
6,1,736.8494674706,-88.0921114307
65,1,418.7913145048,105.6136578510
79,1,2500.2272081688,-954.2101311005
11,1,848.2600069894,-163.1764054077
45,1,706.7163909663,233.1368313181
162,1,292.6705498620,97.6043419102
112,1,906.9060505797,-113.2032351731
144,1,1723.2831568405,343.2858426512
47,1,233.6618764964,24.7695679777
138,1,495.6661301997,-134.1153192112
4,1,714.4460043888,-95.7774573574
116,1,890.1853071688,4.7190068674
9,1,807.3469914816,-340.5775749868
15,1,1565.3203486610,232.3956687447
18,1,536.4156697485,-268.4320860936
159,1,945.1198188091,-133.1533375314
43,1,569.4072338109,70.5638295799
--end of generation dispatch
