--generation dispatch
bus id,unit id,pg(MW),qg(MVar)
118,1,1515.8603042579,2358.6866456729
140,1,1324.9850391495,874.2541131090
6,1,767.2495022454,-75.3691776966
43,1,252.7968072631,65.5210471178
40,1,429.6901371627,-33.7519114253
116,1,401.2481182304,-46.1382755425
70,1,723.1641448509,-575.4018659067
47,1,73.4125336547,18.4781847987
149,1,746.9512554188,124.3097839838
79,1,7013.7010395369,-610.6537249448
15,1,1225.0607519207,168.5402000552
162,1,554.0681108154,234.3677679349
144,1,1337.4892936218,-130.2864362123
159,1,500.4883109838,-110.0981345022
4,1,679.3775533900,-64.7276105862
103,1,516.0077797853,-312.0887097904
148,1,673.9087036084,-49.0611966928
13,1,766.7959993926,-120.7093728879
77,1,2817.1383308055,777.4854898401
45,1,881.1836590141,353.0046325062
11,1,931.1423274186,-46.5965588601
18,1,503.4390903315,-358.2970198597
35,1,1089.9887098121,818.1531560775
36,1,362.3971273567,153.8226563530
138,1,366.3275976004,-247.8300132568
65,1,1166.7702811256,65.3588963843
9,1,697.8059399844,-150.2991381917
30,1,1782.3417336519,1155.7094942825
112,1,622.6111014863,-107.8038892851
--end of generation dispatch
