--generation dispatch
bus id,unit id,pg(MW),qg(MVar)
201,34,18.2320609344,2.2844210220
315,85,3.8555371966,2.6951103649
207,43,42.7715245530,-14.0186070574
122,26,38.1678280903,4.9724590027
115,21,117.9883426667,12.4721849520
307,76,21.1712912784,0.7364512195
101,4,63.7650752041,-38.4671907832
222,58,56.8391685181,2.2251732360
315,84,1.0966807111,4.1591899235
313,80,94.7347842822,7.3531954387
115,17,0.1781187796,0.8457681494
115,16,4.6809121008,4.0275733704
201,36,19.7790639179,-10.3346124103
116,22,102.7846350803,-16.6656739133
302,74,10.6403132350,-29.5136279802
213,45,54.3892669216,-5.6582768708
107,10,30.0425458758,7.9233732306
115,20,8.0743184559,2.3453083517
113,14,67.1956047223,30.8319230184
322,95,46.0187629887,-3.9917689933
213,47,34.5641615910,2.4479752885
313,79,8.3840082350,-0.7997981158
315,86,1.2548279744,2.1516117961
215,49,1.9696853643,3.7495107856
301,69,49.8077467322,-28.5482490887
215,53,2.3334868021,5.1227924213
213,46,72.4212138575,-14.6015147662
221,57,497.8607617843,91.6439570276
122,25,63.2113126473,1.9072224488
202,40,13.5230004990,-6.9115916067
316,88,71.8663910629,43.3677383821
113,13,93.3392789633,26.0305718406
223,64,86.7904951230,4.4836594779
215,52,2.4266877376,2.1027704803
122,28,40.3786901681,0.0895944887
207,44,7.0775601221,11.0992069648
222,63,63.3177555393,-1.4858015513
314,81,0.0000000000,70.4805300351
107,9,33.0073278944,21.2591661763
302,72,20.8250834344,-1.7369962791
202,39,15.1552536663,3.6059940387
101,1,15.4723203972,4.3963749298
301,68,20.3675528133,0.5422597141
315,87,79.3889946398,74.1965591189
302,73,25.8270730720,-31.4587435061
201,37,15.1792800197,-25.1409573783
202,38,12.7963008749,4.6002975399
322,92,48.8870343564,-6.1524377297
322,96,48.6050363721,0.8243426068
102,6,21.9409969511,-5.0207610554
222,59,40.3046217764,-0.9913864484
115,18,4.6424250136,3.0724329144
115,19,5.9583007677,1.5403731111
101,3,53.0892678278,-26.3737999201
307,77,44.6091726271,12.2988398338
302,71,21.2495294579,0.7811712068
102,8,50.5801872139,-31.3529670540
214,48,0.0000000000,-20.3015442033
222,61,39.6674411970,6.9186352102
107,11,4.2400746432,-0.5756359824
318,89,460.9063091867,103.4068756049
321,90,438.1476590216,136.8498513183
315,83,2.6636984171,3.4730055857
323,98,78.4395102538,9.5805864500
123,33,134.1826562476,-48.2847002297
222,62,52.3545796976,9.1940390639
323,99,92.7741521065,76.0246285967
322,94,42.8173026161,-2.5062487306
122,30,61.3809777278,1.9607367994
313,78,41.0332397790,0.8989268334
207,42,44.0295426315,7.7057858608
121,24,440.7671307742,69.5879242766
322,91,48.5500615507,-0.3480693264
102,5,14.6975767189,1.6726669105
215,54,112.4780858165,54.8954264654
123,31,55.3244945180,8.3926541845
301,70,22.5207579652,-44.8871187304
222,60,51.7015449650,8.9153077629
114,15,0.0000000000,14.1403631285
215,50,1.6602973304,3.1632249092
118,23,361.9505202930,34.3768504273
122,27,48.3159553439,3.3942509648
307,75,32.2057330119,13.9373134783
202,41,42.5898396517,-23.5737646746
215,51,3.6683815159,5.0686908398
123,32,45.0523578851,-49.7764983442
322,93,61.5296300405,0.2285335383
223,65,57.4541286070,-49.7860910421
216,55,42.2536164244,6.8080650456
301,67,17.4520790009,2.0108645791
218,56,433.0089018277,103.0495847904
113,12,13.0231108245,17.5312580163
122,29,44.1611392184,0.6741899641
101,2,15.1230048625,2.9962309262
102,7,50.5801857878,-15.3179314347
223,66,104.3916903026,17.7378073913
315,82,3.9730681745,3.6862484143
323,97,80.6222417747,45.9430414590
201,35,17.3978334599,-3.2226236961
--end of generation dispatch
