--generation dispatch
bus id,unit id,pg(MW),qg(MVar)
101,2,10.7466361971,4.3648733817
115,19,6.9654860302,3.4990793800
302,72,20.3851480558,-1.3278212822
102,6,17.6580557389,2.5430305164
113,13,82.7311429557,14.6904853082
221,57,236.0169821986,28.8847834561
313,80,38.8781505587,-0.7018157600
122,27,47.3862906160,-10.3121439001
313,78,120.3161176028,-4.4640518088
315,84,2.9335905565,2.0159513071
307,76,30.3318550903,22.4575742044
202,40,4.3284917292,-40.8463799162
222,58,48.3640293601,1.8686308128
216,55,87.2215493799,43.8809555026
102,5,18.5045159443,6.0625811555
214,48,0.0000000000,87.4268382418
301,67,15.6480951300,-2.1783341591
302,71,20.0368282427,1.2725952860
315,85,0.4210505720,5.2786698979
302,74,39.2750383987,-18.1325725096
322,91,50.9749735972,-1.2569888644
322,92,43.5180462139,8.7742776897
107,9,71.0484699090,3.9273849644
301,69,25.4439791594,-32.2271499394
322,94,52.5559724482,7.7853224244
223,65,62.4731475330,9.8563211051
207,44,63.2343309757,-2.3955063152
116,22,64.2500822406,-43.3272520958
102,7,74.0434277695,-10.7971560244
113,14,70.3247623110,6.8189079292
115,18,4.6720727328,4.3665849868
315,87,42.5407435735,56.9859348873
307,75,57.7543780638,-18.6694197810
315,86,3.0905589795,4.4881623056
113,12,83.8796767813,3.5744771231
316,88,47.0993350971,46.4928643318
122,29,55.8549420709,-6.5479610949
223,66,164.6505082161,17.2088617990
107,10,26.7468174023,14.7447275533
222,60,62.0800467964,7.5173402349
322,96,62.9856685676,0.6810491159
215,53,8.6925924593,3.3370075379
222,62,47.3970822465,0.8636892922
223,64,58.7281521439,-2.8132124045
301,68,15.0383372582,-0.3253195995
322,93,52.2051717515,3.7696016837
101,3,61.1790164133,9.8766682011
307,77,57.6772880729,6.7245217144
213,45,82.3119944882,26.7797867196
318,89,283.9957319257,69.3784122965
118,23,393.0718381921,119.2410874789
202,39,17.4295167226,0.3327151143
101,4,61.1790164288,13.8099109736
107,11,69.1783679793,3.4186759902
222,63,43.8465688598,5.6204552750
213,47,45.7005291385,8.8940453314
215,54,62.7975331564,-30.7540010929
321,90,401.0115718869,71.8054706137
115,17,9.6122903840,5.0469962657
122,26,60.6054502061,-12.2750270318
218,56,256.5512914663,74.8511238413
101,1,9.9240387310,3.0348505321
215,51,3.0153566398,-2.8501770600
323,97,40.2561684447,-4.9180838066
213,46,79.4880940787,-12.4610470093
123,32,77.2982311484,-68.3957950722
115,21,64.9402634655,34.6337035962
322,95,52.3449612280,2.3201096028
313,79,70.0321849704,4.2405515366
122,28,62.0066468265,-3.3190311772
201,35,14.6505752497,6.2709466049
115,20,0.1550865831,3.7196411132
215,50,2.7122979068,-2.0226823532
323,99,45.2474847678,15.9683969782
114,15,0.0000000000,-43.2899158932
215,52,2.5677572772,2.5217251194
207,43,27.0481756341,17.8204261760
222,61,60.0341510783,3.8070771293
301,70,25.0512019902,-27.0444610098
302,73,17.7950560096,-10.9322797366
121,24,427.5026779427,169.1201913336
315,82,2.2844394285,4.3364711568
123,31,64.8086307829,-66.3514322390
201,36,42.1862754989,-25.8362304292
123,33,175.3252329691,-7.8994635807
201,34,14.4155040197,3.4064119065
315,83,0.5369868395,2.6990701844
122,25,47.0362238457,2.2120599130
314,81,0.0000000000,-17.2555464094
207,42,17.9934277094,16.2425790568
323,98,60.8649395388,27.4681081128
122,30,59.8034792939,0.1386784359
222,59,49.8514240199,9.0549818092
215,49,4.1876756908,0.8083697087
202,38,15.7443435039,-0.5035761282
202,41,16.4856630078,-10.5725403038
115,16,3.7746239826,4.9938243552
102,8,77.3898730466,-20.9286460335
201,37,39.3768752998,10.7562446662
--end of generation dispatch
