--generation dispatch
bus id,unit id,pg(MW),qg(MVar)
6,1,841.2194899560,-43.4610232924
65,1,2131.0360994498,1188.9699856347
47,1,53.9068913465,31.6278029659
140,1,2057.5868623715,810.7262354087
112,1,351.1995547195,-123.5880207051
18,1,740.9202858124,-46.3547598411
35,1,2800.4224606510,869.5156822417
30,1,2918.6901332746,1618.2171022989
70,1,724.4884713031,45.4771795668
116,1,467.5493853511,68.7612555735
162,1,251.2500318457,108.4493282751
11,1,918.4623324287,-89.8049598450
138,1,403.5308192778,-150.5857395391
149,1,1502.9622434756,98.7767192906
43,1,227.9285280259,109.9491694476
159,1,454.1210691104,-150.3708427275
118,1,1529.1728166695,1530.2898614501
9,1,1286.5295806867,-33.9398624231
148,1,544.7147141304,-62.4135140672
144,1,1168.3256561770,-311.2515475917
13,1,416.1344078474,-7.1184971294
40,1,84.4861574568,41.9310995316
36,1,1211.4633749917,457.0591196721
103,1,342.4355457406,-314.6429953210
77,1,1384.0848275246,-56.3889693255
15,1,1233.6186564259,131.8674321029
4,1,394.2397169372,-39.8640731279
45,1,784.7758181314,292.1689950923
79,1,3964.0052897213,-573.9563775065
--end of generation dispatch
