--generation dispatch
bus id,unit id,pg(MW),qg(MVar)
315,86,4.3140258909,5.4906839524
307,77,66.9995590532,21.6471346172
123,33,128.5358234476,42.0325200515
222,60,41.2704340933,4.2499756199
201,35,13.1346042377,0.2598449251
202,40,39.6707026740,-40.2861599824
307,75,23.4379775997,28.7304008125
101,1,20.1645595062,1.2764988307
122,25,44.8653801723,-2.2156602498
215,53,2.8310320267,5.4330376496
201,36,55.5706502248,-18.9348955532
113,14,37.4674206207,-8.3813634286
302,74,18.5733480195,-35.7574737285
223,65,113.4919368340,-2.7787058101
223,66,159.2003019582,28.2925571337
301,70,31.0662794166,-18.3533526325
314,81,0.0000000000,9.4479901804
222,62,57.5073226478,2.5173799887
113,13,62.1396665612,-28.4633249856
102,5,18.6549809279,-2.5283145157
115,17,0.3077645205,4.6953690885
222,58,52.2544530389,1.1247765799
323,97,130.8268965919,-26.0645308535
207,42,38.5764286945,2.5467361486
315,85,4.0184197196,4.8493878253
318,89,306.6514604816,59.9705185729
223,64,113.4919371118,-29.6470487416
313,78,67.8421275990,-20.0866564911
313,80,139.4358954296,30.5228485382
116,22,103.6235622280,-23.0834580463
122,26,37.8466044978,1.0754757465
301,69,17.8622520666,-32.6275405658
207,43,39.5923042262,37.2085594142
215,52,9.7534582106,4.9925969308
222,61,54.3492414529,0.5524545271
102,6,20.4784950048,1.4347633295
323,99,192.0509206174,27.5146503277
302,71,20.4774898848,-2.3281167499
202,39,12.9543174529,3.8559348309
115,20,3.0894351185,1.2617671953
122,27,53.5346722959,6.2706716282
302,73,18.5733479159,-17.8236167805
107,9,7.6966510665,26.6088497929
218,56,294.9296691922,76.2677476419
122,28,42.5804333162,1.2150368660
123,32,79.1079912993,-11.8989279484
222,59,40.0364268112,4.5997606906
123,31,109.5391906667,-15.9766334159
202,38,11.4828581204,4.3694181818
315,84,4.2363747433,3.3784133206
322,91,55.5014190923,4.5903162820
313,79,25.0922387637,9.8426961300
215,50,3.0919497119,3.5031373320
121,24,347.0728431922,65.7808690868
321,90,378.2758380754,55.7533330759
315,87,119.1046563722,69.2261863948
201,37,14.0657267130,-23.1759926931
113,12,95.5790105078,-5.2286351051
221,57,475.5208900293,81.0462162777
102,8,19.5574459139,-10.1265414181
323,98,130.8268960444,13.2511423413
301,67,20.2827983696,0.3885180101
302,72,12.0200890218,0.6678126111
322,96,39.7520143149,3.7835965928
202,41,15.1034530688,-40.7249212043
216,55,105.9395474454,63.3550742820
213,47,61.7005962650,27.2042392506
301,68,15.0597415495,-1.3743643018
101,3,12.3094180989,-29.3031622815
316,88,123.6978107834,75.2095454683
115,21,52.5540901370,26.0396579535
115,16,2.9374216207,1.4066680444
118,23,383.8032271807,151.7097240661
207,44,21.8708384107,21.1241160401
214,48,0.0000000000,-13.5722443163
115,18,2.6288871455,3.4340746973
115,19,0.1437576349,1.9414867301
322,95,53.3156681417,2.0821599298
307,76,8.8444742828,-9.8562354629
315,83,5.5563530511,3.3868447802
222,63,40.7832187327,2.4010065912
101,2,12.6488967793,0.7871685003
322,92,63.2002545504,0.7054030858
322,93,63.0374580908,2.6317233023
215,54,101.1394042037,68.2777091171
122,29,47.2528958466,-4.2493736403
322,94,37.2572320031,4.6656643730
315,82,1.7667078094,5.0713420252
102,7,21.5341315830,-28.3109692519
122,30,37.3538987391,1.3736909666
215,49,1.3204557513,2.4919921351
201,34,13.9042980758,2.2361752177
107,10,20.6058282359,8.9438134690
107,11,31.5186843311,0.1663161001
213,45,48.9195184493,27.9265182526
213,46,62.9327852806,-29.3427187034
101,4,25.3663279005,-27.3086961042
114,15,0.0000000000,11.9342447670
215,51,6.6508289748,3.0008643451
--end of generation dispatch
