--generation dispatch
bus id,unit id,pg(MW),qg(MVar)
215,49,7.9666058223,5.1544656048
323,98,96.6975369076,13.6785338120
122,27,60.0483837861,-2.8927587918
215,52,4.2237112869,3.1029009799
222,58,41.0751219324,-2.4220624090
115,21,77.1219055361,30.9065720249
223,64,89.0359206945,15.8281655386
123,32,63.7871266621,-32.6359448400
202,41,15.2418984909,-41.4998545345
213,47,8.6713791149,-3.8685486461
216,55,77.8349821056,65.5112743309
321,90,308.5912792075,44.5085220361
322,93,62.2064908218,-6.1890530704
307,77,54.6334056987,4.0891292526
318,89,465.9218468012,71.6745542650
122,30,51.6022129099,4.6263947156
116,22,73.0551556292,-19.3383936488
215,50,6.1629096252,2.9145575126
222,62,46.5223663112,8.3814088735
215,54,73.5352107428,66.4333823369
102,5,19.6527783918,5.8870051679
118,23,388.6615753050,55.2762655052
221,57,446.3988535538,43.7076264408
123,31,63.7871260638,-33.9004466500
201,37,17.8525373059,-20.9212327530
122,26,48.8287451489,4.7110551021
207,44,1.1748556106,24.2830032454
207,43,40.6080711796,-0.1100393233
322,96,56.6263778411,-3.8527622457
113,13,46.5636258909,16.9867779628
113,14,39.9836668704,7.0215334679
301,70,35.6951694816,-19.2884162628
315,82,2.1138225882,4.9696773568
101,3,59.0737628882,-36.6692322091
201,35,22.5917593173,3.1906826736
202,38,18.1871892772,2.1700104997
301,68,19.0329218635,-3.7422957967
214,48,0.0000000000,15.0044013100
322,92,46.3826124646,-5.4764328135
302,74,24.9484358006,-45.5947369286
315,83,2.8163274943,4.5819116117
322,95,62.5851925971,1.9741470163
115,19,3.0686757334,2.2563588322
107,11,2.5384232747,9.1832498573
323,97,82.0961929666,-28.5899704120
107,10,4.8225516814,-3.3033711037
213,46,77.9574258690,3.7537086377
222,59,61.0039728901,2.1607679293
215,53,3.3123461960,3.7451335787
102,7,83.6777389143,-22.7491175736
202,40,13.8183435878,-41.2671007397
215,51,1.5732421619,2.7426964744
322,94,53.2520796355,4.9861637676
223,66,112.8548750065,29.4894363766
313,78,71.5390494713,-22.8093289483
114,15,0.0000000000,-33.0330230847
122,25,52.1544703443,0.5609809111
222,60,56.5690861221,2.4229439172
102,6,19.4469437967,2.7494193718
222,61,35.1751734151,-3.2884431738
213,45,53.2559338005,-34.9165051616
302,72,21.9382753748,-1.6497672032
202,39,14.7602517549,6.2727276522
222,63,60.9847279287,9.5872868098
115,18,5.6458076028,3.1447356861
122,29,45.7401262664,-1.7927698118
322,91,38.7713116660,1.2189682209
315,84,0.6632394072,3.7352844548
307,76,60.8917983703,-6.0579598532
101,1,19.1485855244,-1.2165914930
201,36,58.4020776716,-3.3162508943
313,80,110.3499043489,5.1132567630
218,56,301.3818055276,52.6932471382
102,8,83.6777395334,-25.7127719903
113,12,67.3031070786,27.6910808172
101,2,20.1427471213,-2.7998163727
207,42,59.8225598824,-15.2743984460
115,16,3.8908095923,2.3391659286
323,99,72.0932080073,19.3699939402
316,88,91.6064552418,82.2034447596
115,20,3.2285112850,2.5891576232
201,34,15.2226075000,5.8793648191
123,33,65.0072067071,-9.2818406158
301,69,23.8790480611,-24.2456210642
315,85,5.0387888581,3.4711278909
302,73,22.0832702385,-39.3886431489
315,87,56.8568602969,67.7350614288
314,81,0.0000000000,19.3396075917
121,24,327.5730754875,130.2065249949
302,71,15.5256769538,0.7099323556
315,86,6.3936953830,5.8109850637
313,79,35.8765855453,7.8318208442
107,9,1.9993095291,6.9197192794
301,67,12.4350473699,1.0472334860
115,17,1.6326315890,5.6241556054
223,65,89.0358976014,13.9211165346
122,28,34.9754208510,-1.8949213177
307,75,0.1315646071,26.9817269032
101,4,70.6924685036,-25.5125702358
--end of generation dispatch
