--generation dispatch
bus id,unit id,pg(MW),qg(MVar)
140,1,980.1056286742,847.8862174018
18,1,338.7423334810,-324.7353735182
65,1,1604.7501460968,244.3323446507
70,1,623.1593609241,-281.5128319674
11,1,471.8683810530,-221.9247621462
6,1,887.9116036720,-29.3799520696
103,1,577.2330959181,-211.8525160210
144,1,1716.8032111115,199.2243952128
13,1,466.1683824973,-209.0021431103
35,1,1601.8611400088,469.6056607971
112,1,1557.6677652733,233.6323050990
15,1,1061.9182730090,78.6168580991
4,1,780.9078077637,-50.2088820606
40,1,377.7337473106,-57.0561217596
79,1,4689.9379007840,-918.6911758980
162,1,541.8426762108,245.3377873557
116,1,839.9684370722,72.8772567945
118,1,1510.3524803680,1329.7847367098
138,1,476.8047203301,-274.2256382832
159,1,556.8154248987,-135.8580085007
30,1,1181.6944766291,629.2875896847
148,1,1111.5331027064,165.9232051101
77,1,2603.2670492397,-911.5493009393
9,1,1008.8466849164,-256.1171516087
36,1,332.3232424087,165.2217824185
45,1,904.5039339108,298.8547851214
149,1,687.9076870578,-4.9609742092
43,1,473.9286199227,69.0794014112
47,1,158.8928076934,22.7004679564
--end of generation dispatch
