--generation dispatch
bus id,unit id,pg(MW),qg(MVar)
102,8,24.8426530775,-41.7712627473
302,74,14.0490885354,-9.6964583233
207,44,40.5151216360,-2.9057087769
215,51,3.8022725027,4.4538110370
315,87,86.0370916416,50.2155262764
202,39,13.0526456727,2.4197095398
315,85,0.5897213448,2.6103209829
215,54,96.2339232626,73.7421938861
102,5,13.6879381990,-1.5361576475
213,45,19.1587392785,-14.9656113947
322,93,41.6047130807,8.0237773735
114,15,0.0000000000,34.9788213502
313,79,43.1266025123,-6.4304757791
322,91,43.5945158874,-1.1126264849
315,84,1.6458387309,2.8294982525
107,10,10.3895067108,4.4338339808
207,42,38.3929845680,-0.3662802406
222,62,56.0700533962,2.4203409969
115,18,1.7618528826,2.3497366261
202,41,16.5660936031,-11.9577770017
123,31,96.5915742964,-30.4215037793
118,23,299.9014357600,57.6564380887
201,36,16.3791580778,-11.0887788635
222,59,40.3811754663,0.2640097014
113,13,52.8647124199,14.8674255275
113,12,118.6082448064,10.0951932708
323,99,161.5582058575,23.2957908345
307,75,69.5663629925,2.7413602435
318,89,478.2434553002,107.9656326009
122,25,45.8363093184,8.3103145313
215,52,6.2622955300,3.1294594535
222,63,42.0408130534,0.7081522478
102,6,15.6532024294,-2.1197048463
101,3,19.4768040946,-10.1666429095
222,58,63.6955152666,7.6429998752
115,17,7.0281959090,1.4019621140
302,73,14.0490751053,-33.7260667804
223,66,181.1089102684,19.9998015819
201,37,19.5138087579,-24.6573976143
301,69,13.3842452678,-14.7636565600
215,50,3.8263142142,2.8218281780
322,96,50.3788189407,2.3741277996
115,16,5.9712783027,3.4855040619
122,26,49.3367154854,-5.6306837187
107,9,21.2396280082,-6.1283020459
115,19,7.2743992890,4.1596029427
301,67,19.3187243090,4.5340822599
101,4,28.3460425669,-11.8452034727
213,46,112.8846854491,-18.2460976707
122,29,60.4081816603,-0.5066627560
322,92,61.3152751399,0.6607489109
101,1,20.9822101903,1.4038271839
215,53,4.0320187879,2.7434036163
202,40,16.5660953239,-32.9676373868
115,21,94.0458398638,65.3227720395
222,61,42.0714042061,4.6016697596
313,80,13.6222721312,-19.8921951356
207,43,16.2819412397,13.2163971345
122,27,59.6396019314,3.2863571402
313,78,75.7590238834,-18.6729584156
202,38,10.4756196066,-0.2876137323
316,88,94.7371028884,74.4099656663
214,48,0.0000000000,-3.3016472709
101,2,11.3039898473,0.3586054145
221,57,435.4063996587,67.1178061903
315,83,0.8283009724,2.9822981911
218,56,441.7817607625,79.0815059286
321,90,477.3657571054,92.0402877001
323,98,111.9150681944,-3.8550474318
107,11,13.9194627396,16.9737601462
116,22,97.2666550954,-17.7713072815
123,32,96.5915245187,-21.1061680434
314,81,0.0000000000,28.0962507382
322,95,49.1779309048,4.3137121496
223,65,97.1643487939,12.2461040875
307,77,9.0633053699,8.7546557038
122,28,56.2512764851,8.5174909786
301,68,21.0227569934,2.0753644732
322,94,51.5922742084,1.6617998195
223,64,97.1643397293,-9.0995720056
115,20,6.8862892930,4.5390810432
123,33,127.1731494845,61.5579323744
113,14,1.4501616611,2.2748493894
121,24,327.0497110230,83.6618610950
315,86,6.8800982083,4.7262872285
302,71,16.4531680592,0.1243893641
301,70,13.3725890773,-10.6006634048
201,34,17.6859404021,-1.1916248949
302,72,13.7605790443,-0.1542128645
222,60,59.5136544345,1.6087692013
315,82,8.5219479406,4.9410800329
213,47,94.4389775848,-7.7185680467
122,30,64.6381931035,1.7556397222
216,55,98.4318428388,64.1136270785
102,7,24.8426506001,-44.8483311203
201,35,14.3784176097,1.1184433009
307,76,60.8217235118,-4.0485546605
215,49,3.4007549293,3.2556105332
323,97,111.9151032813,22.3632701770
--end of generation dispatch
