--generation dispatch
bus id,unit id,pg(MW),qg(MVar)
313,79,95.6736604564,-17.5018067370
314,81,0.0000000000,18.7871501543
107,11,48.8566075269,12.4212063911
221,57,336.9065119713,50.7551150078
115,16,6.7204654222,2.7184930338
123,31,65.2790564370,-29.1078294560
202,39,10.5561544140,6.6187792985
301,67,21.2416313723,1.8703561858
107,9,33.8068915764,-10.1856133179
115,20,5.7526261828,2.1500936800
207,43,39.9384782871,10.9167796249
122,28,53.8907531881,5.4919012298
307,75,26.5642914304,-6.8807161431
107,10,63.4165414039,-6.6845463121
123,33,173.6393458820,9.3547738371
215,49,3.3154797336,5.4295847998
315,82,1.8837300932,5.1697100090
301,68,19.0593456730,0.9750530049
101,4,41.8870721597,-29.6328374941
323,99,147.1073543364,19.4006702056
215,54,95.7480815884,75.7081584617
222,59,44.2752728448,3.8821777840
222,60,51.4997759763,0.1772558013
201,36,47.0119704693,-45.9143546091
102,7,28.3184145148,-31.0607374870
207,42,19.1737205081,-13.9758186216
122,25,52.1827641525,-3.7685527680
202,41,12.5520503524,-36.1056881894
215,52,6.3866527539,6.7563308632
213,46,51.5387725480,2.0423523048
101,1,15.8869158312,-3.0892307703
323,98,79.0056241722,-3.1763742021
113,12,63.0826635691,25.0801368904
322,93,50.6954180798,6.9639251074
121,24,329.2258247934,35.8858750042
223,64,67.7448358194,-26.8183959063
318,89,355.7266356998,45.7758914982
115,19,0.6534479848,2.9077308375
201,37,4.3539203005,-16.3669111275
218,56,516.0458922401,80.7937869092
115,21,40.7877004272,72.9706467048
302,71,14.6516145654,-2.8981331401
322,92,44.3344257795,2.2517190463
115,17,4.0957224015,4.4648555572
101,2,11.2412273286,-0.0987794826
214,48,0.0000000000,2.3542708983
102,6,10.6571079727,-0.6619033148
102,8,53.6114044197,-27.7318676389
322,91,58.1922645424,-3.9372449752
113,14,88.2507591341,11.9706247708
115,18,5.3782927938,1.9175948021
302,73,8.5800112915,-13.9854008996
321,90,295.2342842162,37.2359231816
315,86,4.2993066068,2.7325975448
202,38,11.8154626513,4.0152843325
302,74,20.6837761615,-35.7996270096
122,26,53.1134709203,7.4982458066
315,84,0.0447899761,3.5875422824
322,95,41.9598953286,-1.2344897683
313,80,13.0672078251,5.1282160545
207,44,19.8125673609,20.8373836853
122,29,63.1258897343,-3.7824793797
222,58,59.7764399670,8.3961764160
315,87,69.1404482850,66.8509000491
213,45,127.6537887543,21.1974568560
202,40,30.5882042530,-36.5658057498
201,35,19.3227210349,4.5153748855
223,66,51.8136324090,8.1569651171
213,47,88.9780943067,-18.3162975036
323,97,79.0056248800,7.0084405095
222,62,62.6620948780,3.3456433991
222,63,42.6152085978,1.5805717069
313,78,109.3955247030,31.7474288945
315,85,1.7056810747,3.9088764373
116,22,102.9176506760,-9.3792048786
215,51,0.8965668860,4.0678025511
215,53,3.3999852355,5.4710884132
222,61,63.9589766249,6.5890884733
322,94,64.1190891293,3.0107817656
223,65,56.8250053987,-6.8663538118
301,69,11.7672207973,-23.3880581957
315,83,5.3079669159,5.3446625838
307,77,50.5901408929,5.3554642974
118,23,292.4429650620,45.1528559128
307,76,4.8722344902,28.2528802925
102,5,20.8928843019,2.2938559624
123,32,34.7047519097,-75.0671819306
216,55,61.5715831223,42.2585516132
302,72,10.8046761193,-3.1536780550
114,15,0.0000000000,-7.4589734354
122,27,40.0312371016,6.9485460316
215,50,6.6830028836,3.4008924880
113,13,1.4599647364,25.9059427009
101,3,19.8184958607,-20.6128722829
122,30,39.2058925051,2.9319606476
301,70,32.6688100778,-28.1462701250
201,34,17.9144551428,0.8713817413
316,88,99.6697304434,52.3636728211
322,96,41.1437067948,7.4002458529
--end of generation dispatch
