--generation dispatch
bus id,unit id,pg(MW),qg(MVar)
115,20,1.4326670346,4.1389393725
302,71,18.1108834332,-1.0862727939
215,53,2.3816723096,0.3556859860
321,90,430.0297399205,67.9242728939
102,8,53.0308001792,1.7803106856
101,3,24.1477492371,4.3139839915
222,61,61.5147291749,0.5464498554
123,32,43.6791956572,-92.5016617025
107,9,43.9082779398,21.9821729977
114,15,0.0000000000,-61.7087221198
313,79,46.8721208623,30.1581793731
215,52,0.3985996524,-1.0229380983
207,43,48.5906446089,18.8111947838
322,93,48.6702831775,-3.4931838639
318,89,315.6093967763,82.3018020899
102,5,19.3379545901,2.4076793819
121,24,365.5697355332,169.0117777701
102,7,46.2051258131,-2.3719931057
213,46,118.5404872803,2.4429184118
223,64,70.3668809257,0.0385178276
301,68,12.2910172307,3.6546852822
307,76,46.1503872706,-7.4831043316
201,37,52.0331790903,-3.8221701033
113,12,125.7246060602,20.7082660835
115,18,0.9106037139,2.1740274636
322,96,38.8806299457,6.1530895425
301,67,19.4808273761,2.5210777261
113,14,54.8990166238,-4.5403365675
123,31,42.0680340461,-14.6137927033
214,48,0.0000000000,54.1996956463
315,83,8.5338857746,4.9209626024
215,54,49.9752051512,-26.2214524897
118,23,399.1027070025,106.6660709927
322,92,37.3475959418,-1.9576205824
313,80,123.9868689207,12.4424874031
202,41,49.5891646677,-15.4647426315
307,75,14.4389987795,12.9590493252
222,59,51.8794703131,3.2876851914
207,44,38.0245392863,13.3370250052
307,77,17.7186851809,18.8102887252
218,56,334.0204001492,21.0737780308
122,29,37.1494789115,2.8300466335
122,28,56.2702454692,5.4827680481
315,82,0.6926677521,2.1560460320
223,65,6.1813704796,-2.4612787641
223,66,270.2762196907,10.0980360998
315,84,6.8203159750,2.6590443908
322,91,35.0688393587,-2.4203551878
215,50,4.9582880569,0.1013106004
221,57,279.6673073548,24.5053327239
115,21,61.5443610658,41.8275515795
323,98,74.9784987724,-17.4974802853
301,70,20.8340662849,-36.3318508588
115,19,3.5138725776,3.0300853327
213,45,58.0516993303,-11.2221943209
202,40,19.0872113842,-31.3876509060
101,4,24.1477462103,-8.3389760037
322,94,56.6862849343,5.8391354159
323,97,94.7076046714,-19.1583060682
101,1,16.3005706719,5.1037339033
115,17,3.9822714552,2.3484078539
102,6,10.2553655441,6.3245783295
315,86,7.0376287613,3.6025457861
207,42,48.3734973520,-1.9323244574
222,63,35.7985176655,-4.5897295275
122,27,35.0567089715,3.6040007861
115,16,7.1024721322,4.2167383055
222,62,46.5503193924,4.4733500987
213,47,151.3801553765,30.6856704520
302,72,10.9322185688,2.5559413940
315,87,80.2226531873,91.4953715105
202,39,21.5147374085,2.3604366245
215,49,1.5452655759,-1.7442591440
201,36,15.2598934899,-16.0984111219
122,26,41.3914475865,8.8092556407
315,85,3.0968122783,2.5145250897
316,88,89.3382997658,65.8170212637
201,35,12.1491942618,5.2063008909
116,22,124.4950003313,-45.2313166142
301,69,40.0505543499,-27.6088764824
222,58,60.7559168918,5.3623176676
222,60,38.9657120916,9.5661269896
123,33,180.7483094516,54.5512975685
215,51,3.9241027075,1.5000480208
323,99,163.5200968720,21.6632332591
101,2,20.6610722257,3.2173501603
302,74,41.9968575766,-19.1438047768
107,11,15.2240917902,1.5402550730
107,10,2.9458660597,6.6631582866
322,95,46.1336691897,5.8961323969
313,78,48.4263604024,3.0521872176
314,81,0.0000000000,26.7764034473
122,30,50.7815207490,-0.3104804049
216,55,87.3493502634,35.5199632248
122,25,35.7203304740,5.4049291156
113,13,102.9505458319,14.1815370973
201,34,16.6175562892,5.4386488005
202,38,16.2029113185,2.2897129241
302,73,6.5774826543,-11.0580357380
--end of generation dispatch
