--generation dispatch
bus id,unit id,pg(MW),qg(MVar)
122,29,58.9826549813,16.4476596295
123,32,95.1511109891,-2.7120377686
218,56,401.3206387964,85.9018024338
322,95,64.7847146409,5.6305768919
221,57,289.2421807469,44.8445668797
207,43,51.4904091161,33.7327809929
223,65,58.0227327965,-39.3464753359
302,73,12.0822759236,-10.3926457846
323,97,108.2315885607,0.0921893983
102,6,13.7164957998,3.3034738993
313,79,67.6673333458,15.4543413334
201,36,8.0019305275,-11.4681624942
215,53,6.7152280085,2.0660323506
202,39,12.6367465828,6.2400857611
115,21,44.2519207004,-27.4754683194
101,3,66.6957181671,-27.3219951985
223,66,54.0834027820,-12.1469518561
207,44,25.3661611086,-13.2670389110
222,63,53.2190889132,4.5257043024
302,72,19.3356271543,0.2310229713
322,96,53.3821848392,2.3467487046
107,10,20.0011804820,25.8768599287
302,71,10.5411127421,1.3532525934
222,60,60.3959405970,3.6069221011
122,26,59.4719628841,17.2413652186
202,40,7.6230840587,-13.3488251569
122,30,49.9275022806,11.8527536602
301,67,16.0117999680,-4.9709703265
314,81,0.0000000000,52.5596329426
322,93,56.6569742988,4.3816960503
215,52,1.7182910170,4.5510625978
215,49,9.0617558433,2.3523837876
122,28,62.0391522385,11.4905107784
307,76,37.1796734103,17.9917365638
313,80,46.8931558801,-3.9146666888
315,83,1.2233228009,2.1842823140
115,19,2.2106931680,3.2455544489
315,82,2.7725374098,5.3234668194
123,33,115.6229694711,58.5445923869
213,46,42.2474259257,11.2883188985
313,78,5.4162035764,-24.0379729670
216,55,49.1431412881,64.7783536710
315,85,1.1714325911,4.8486377952
121,24,437.0606764295,52.6100989259
222,59,59.0073641821,3.6493093226
323,98,108.2316146004,4.4960639749
301,69,11.2700378234,-4.4727234352
321,90,457.0885311805,105.6668302902
307,77,12.4631532826,28.2033119526
118,23,423.5529026116,140.8033335570
113,12,2.2830726758,22.4023201720
301,68,21.3380376168,0.6206818009
307,75,43.1183573145,-5.5088117882
113,14,84.8918451834,-16.6389875076
213,47,98.0776104975,7.0607114622
322,94,52.8035324215,-3.0853054852
302,74,33.8262231912,-42.8653019967
213,45,79.7117058099,24.3960651365
316,88,115.1538519796,65.8642675182
322,91,44.7052741524,4.0127052782
315,86,2.5636805852,4.3596582941
107,9,68.5395842082,-5.7327373157
222,58,43.5796822597,1.1858679471
122,27,50.6832570620,14.6991899122
107,11,28.6596592589,-25.4173662519
215,51,1.8093296841,2.8389223332
122,25,64.2833683328,11.2763294522
207,42,59.7599795196,-8.3625945025
315,87,79.9227819352,61.6163553601
114,15,0.0000000000,83.8311801450
301,70,53.4892600492,-6.6046185049
201,35,20.2093281772,-1.5343994199
102,8,92.4743930331,-20.9509223316
201,34,8.9682670014,3.0837806788
101,4,66.6957147777,-10.1451763045
202,38,14.4132000237,-0.6405823678
222,61,48.6083581078,3.3792847923
115,18,5.6829995687,1.9311482928
123,31,60.1421508955,22.7757327883
318,89,317.5070065480,107.0099891158
101,2,17.5355735059,3.5398082934
202,41,5.1654155847,-37.6435059032
222,62,38.0384672469,4.2870113661
116,22,78.9530054820,-51.2941843004
315,84,0.8574343380,2.9313528851
201,37,8.0908520220,-17.3922088106
215,54,60.9434772057,81.7418613348
101,1,14.6626873002,1.0784677731
115,17,2.9312018943,3.9625326124
323,99,149.2317328881,23.1191246765
115,20,2.5609301681,1.1275598643
214,48,0.0000000000,-40.9269588222
215,50,5.4562952961,3.6514808325
102,7,84.2969900485,-34.9070186863
113,13,71.3905281295,-6.5072923688
115,16,3.7628185987,1.5619637008
322,92,41.3460336866,6.0390801423
223,64,83.4183664796,-14.3251295498
102,5,12.6893198423,6.5285426925
--end of generation dispatch
