--generation dispatch
bus id,unit id,pg(MW),qg(MVar)
222,58,50.8930654359,-2.5593579769
207,43,12.3573196866,25.6718325205
213,45,28.9207958100,-9.1296216386
223,64,94.3420812267,-19.4269406934
107,10,33.1262167846,20.1674658791
113,13,58.1190110359,-32.3565374843
123,31,67.8152161480,14.6239746027
201,35,13.5897632996,0.9197469150
122,29,56.4937489126,4.5778001915
123,33,172.3949142210,5.6117617937
322,93,56.4712428742,5.7250018505
307,76,49.0646445113,-10.3052335874
114,15,0.0000000000,4.1825529681
101,1,12.3863346473,1.4200186434
101,4,63.4354656967,-22.7534218866
122,27,51.0342859123,5.0700715890
302,74,31.8523283684,-32.5951473255
201,37,39.1517235446,-21.6262935338
315,86,1.9239083210,2.1285609774
222,62,49.1923017055,1.6319178980
213,47,91.0827588606,-12.3122919428
316,88,62.8183967055,67.5510001918
122,26,39.7258306663,4.2495208299
302,72,18.5103985815,1.8198470357
302,73,10.9762340827,-9.7630049636
115,20,1.4296112166,2.6448057854
214,48,0.0000000000,5.4407131892
318,89,279.9958770305,63.8440897200
314,81,0.0000000000,-58.5570065372
313,78,52.0680502677,-4.1093642525
301,67,20.7045745255,-0.8213572721
121,24,468.8707466905,136.1381808252
222,61,35.0622274378,8.5017902033
223,65,94.3420988530,27.7475168346
322,95,51.3418644036,-0.5549021471
122,30,40.1993659018,1.9510606628
115,18,1.2456970248,3.7007713031
122,25,52.1494536982,2.5763537254
107,11,52.6022846601,-10.7992984823
313,79,96.1110382767,6.1303954139
102,8,23.1746863883,-16.0151524286
222,59,59.0913119587,7.8885874459
322,91,60.5729740530,4.3893446999
315,85,4.6371374620,3.3321957186
215,54,87.3262700722,81.9902154536
213,46,51.1749963558,-19.5311552594
301,69,13.1358627857,-9.2960792930
113,12,53.7300840611,-16.8550214695
215,50,1.7572987774,3.7013261607
215,49,1.1097676437,5.8436553385
202,40,14.8176417723,-10.6646177166
323,99,136.5066334135,16.5342404586
321,90,303.1094663727,24.5146486622
322,96,46.6259641548,8.3574870610
215,51,2.3644223675,5.7353884598
113,14,47.4170444747,25.0660812324
115,19,2.9560238178,4.8114163421
216,55,90.9563568043,45.1794849994
101,3,3.7746259623,-34.5099860294
218,56,474.1916551018,72.8981766935
302,71,14.1501112246,3.6421626464
301,70,13.3837914880,-12.8298562683
315,87,60.6684181948,59.8941722590
222,60,64.1607011413,2.7950368785
115,21,88.3760801222,33.3854660321
315,83,8.5194713907,4.1313802831
202,38,17.7552158967,4.3336583455
102,5,17.7146409546,2.9702486624
115,17,3.4472899682,1.4869305662
202,39,14.0221786004,4.6905706358
102,7,27.2853414779,-13.8506983129
307,75,15.5192937262,-3.7774259345
323,98,71.4420413006,-29.0631259556
201,36,29.5850189950,-11.0875392739
322,92,43.8126229190,-0.9922937148
307,77,17.9377445928,21.2164456162
223,66,122.9103971624,30.8167874953
201,34,15.7290736913,-2.7433327461
313,80,100.0168784702,-13.3474967223
315,84,3.4417912493,2.3197858754
215,52,8.5703417447,3.6774386983
118,23,448.6714009119,78.6286554135
222,63,44.6194189578,1.0850929226
207,44,20.2727660211,13.2876840354
221,57,317.7458787482,55.6048902215
115,16,3.8625276054,2.6471026632
102,6,9.6545207776,-4.7529824221
301,68,10.0109502967,0.4071811091
215,53,7.5463945413,2.9599918370
322,94,54.0266709214,4.0007012928
315,82,0.4548228343,3.9296404442
207,42,47.4002323195,-15.2970438551
323,97,82.9265655650,-21.9284463738
101,2,14.8874162297,2.0710217502
123,32,67.8152163721,-21.9266327940
107,9,29.6595261889,3.7616062404
122,28,43.3021016345,-3.8507368079
116,22,56.8279465240,7.9086435856
202,41,42.4078962314,-33.0587764694
--end of generation dispatch
