--generation dispatch
bus id,unit id,pg(MW),qg(MVar)
301,70,25.1790402379,-34.0497048618
313,79,88.4254588357,17.6614858816
101,2,9.8460914735,-1.7025142789
307,76,70.6669062389,-0.7899550388
302,74,11.9852177390,-11.6864783384
102,8,54.5431845060,-5.2813224733
213,47,39.7462666786,20.4750396894
102,5,9.8439637190,1.5957274522
122,26,43.6985323278,4.9176296662
223,65,84.5286761039,42.9715469186
302,73,44.2383638430,-24.2864334168
216,55,58.5900014827,69.4324871995
223,66,95.5600709652,13.3017753892
218,56,425.9213254730,74.1474297767
115,17,4.8463642032,5.3063899694
115,21,57.0571878564,54.6583793416
213,46,108.7186425095,0.8198171470
316,88,58.5135715582,82.2675242445
123,32,20.4768597486,-65.5662410115
201,36,26.1769975210,-36.9594659163
313,80,83.5893617730,-28.7301863950
322,95,58.1144174881,7.9960729630
315,86,9.0603091968,2.4043639178
201,35,19.7516174903,5.5522818344
307,77,37.2494502089,-4.0007926835
122,25,38.5186999759,2.3649036296
215,50,5.4379007599,4.1726728078
315,87,64.0807121499,84.1788655418
122,30,35.6345228085,1.1611844681
318,89,428.5655228387,65.7329484525
322,92,60.0657572288,-0.3501118217
107,9,12.0698861336,2.4099974751
223,64,79.9094418532,10.6260365059
114,15,0.0000000000,-23.1397783647
314,81,0.0000000000,-13.5045841328
222,63,51.2133824281,-2.5315989954
222,62,41.3241048847,4.0262650994
116,22,75.9163878198,-48.2704775001
222,60,37.3154898049,5.6194486222
323,98,61.7363715760,-9.0271722076
107,10,17.1673215481,-0.5565819480
323,99,149.2954799974,38.7463692800
321,90,372.2977739354,32.5955734429
115,19,8.2372678503,1.2094436928
113,13,53.7719297374,-5.5049268825
315,83,2.8942288216,3.0599230674
113,14,89.9909151989,17.0506468231
115,20,1.7170576788,2.0220085785
202,39,16.5097830552,0.5566301508
115,16,5.3778561537,1.3182600761
202,40,9.6460972525,-20.1300890028
122,28,54.6934625346,-0.6394486224
222,58,62.1710675015,5.5621904425
315,82,6.0753739873,5.9609768796
201,37,9.6130254207,-13.5301991078
315,85,1.8540652135,4.4321693692
101,1,10.4684418426,0.4152423232
122,27,43.2685796710,5.8287728651
101,3,43.9198064988,-11.1157027728
202,38,14.2951977405,6.8977277267
207,42,36.6496593820,15.3445925947
102,7,54.5431506482,-32.6649905020
113,12,145.1105721726,-10.5319754862
221,57,286.1497889059,33.2656319172
115,18,0.8301284515,4.2764565029
322,96,44.4870357023,6.7204205433
302,72,20.3064042842,-2.9703430792
101,4,43.9198089688,-12.2217041338
301,67,15.3303090600,-3.1123945440
118,23,464.7450027098,87.2688695850
122,29,48.3550531280,-0.9048216355
301,69,25.2776337461,-30.6922344565
322,94,47.8020914265,5.3698320968
202,41,30.7865780570,-43.6091669781
307,75,27.1967755382,11.4088101186
301,68,19.0328369737,0.6704058799
201,34,15.8494153116,1.4370364527
213,45,2.2908062533,6.5867660041
222,61,36.5584117794,-0.1353986255
207,43,32.2744204430,-0.4719353369
102,6,17.1326588661,-2.0769256200
215,54,92.6651145770,57.4137379062
215,49,5.5317870830,3.1242290964
121,24,394.4856384458,110.0641485192
322,91,50.3369343880,1.1301267518
123,33,185.2397390613,-1.4126715589
107,11,26.5438461346,5.2020696620
215,51,0.5963339009,4.0386324106
315,84,6.9800754381,5.7751923854
322,93,53.6072202021,-3.5694464809
323,97,88.6747241129,-24.0411864419
222,59,53.5951049920,1.7933784183
207,44,14.1853019169,18.5532837097
214,48,0.0000000000,72.3272794825
302,71,20.5950359883,3.0362373062
215,53,0.3747799613,5.0508291651
313,78,34.6193209090,-6.3927888891
123,31,53.3776890642,-32.0761606969
215,52,2.7753525949,3.1160890695
--end of generation dispatch
