--generation dispatch
bus id,unit id,pg(MW),qg(MVar)
15,1,1140.5954922662,102.9322933486
159,1,545.5374262276,-133.5686756551
140,1,1793.3456937397,909.9399502509
36,1,523.8091602716,223.7980708300
6,1,863.2565715741,-57.6277189855
11,1,375.1115890162,-187.3293525685
13,1,924.2842685640,-52.7861242892
162,1,502.7475454376,173.1403111524
116,1,317.6003351310,17.8134655512
144,1,1241.9557016134,157.1329545395
47,1,73.9928913313,-4.4867996329
4,1,694.5511582718,-55.7884177491
79,1,6942.8399914865,501.5938037142
45,1,951.9914544346,351.1947195243
77,1,1188.4003204719,722.6903108603
35,1,2412.0735323728,723.0453336039
40,1,332.1647898177,-122.6827920506
43,1,246.9292247221,9.2336920758
103,1,445.8389822990,-212.9985263583
118,1,893.8605726097,1751.0201073285
112,1,296.5513407967,-170.3692428020
65,1,1158.4892904863,119.7338394984
18,1,560.0367776869,-219.9942839771
148,1,993.5917366597,37.8818796953
138,1,617.9545403909,-309.9282936028
149,1,728.5621153761,199.9392419677
30,1,2380.0800128025,785.2028390244
9,1,1112.2759424361,-228.7338792150
70,1,464.1068194638,-304.9188776933
--end of generation dispatch
