--generation dispatch
bus id,unit id,pg(MW),qg(MVar)
101,2,11.7149852974,-3.7158735660
123,31,100.2307387451,-17.5936588114
202,38,19.1856124521,-0.5852415017
318,89,385.2718803071,100.6450953688
301,69,52.2701198051,-30.1653359257
321,90,414.2650132969,106.8841141773
322,94,58.0466553152,-0.7189808215
307,77,35.7125199132,12.5675867586
118,23,350.9764555068,144.5032826566
322,96,36.7947878085,3.0007516567
107,11,40.8346729598,22.6927326412
114,15,0.0000000000,3.0278797671
207,44,31.5136712196,-15.4615174237
215,49,1.3788853646,3.4077983601
201,36,16.0587660302,-25.7971326214
323,97,46.5440210362,10.2937910515
202,40,5.3643593093,-7.0954792999
314,81,0.0000000000,62.4505195266
302,72,13.6426749520,-1.2503512206
121,24,386.1463479482,-20.9930811145
102,5,18.9691702381,0.2095777757
215,54,110.5464495616,84.0485074541
302,71,15.5012791262,-0.8056301688
115,21,33.6952525105,55.1825887511
207,43,52.8654289467,6.3487276164
201,35,16.7895313170,3.9020861594
215,53,5.6400934311,3.5007874115
216,55,41.3515381863,65.3011525844
322,92,63.4915502604,-3.8623584852
101,3,35.8926406664,-37.1366254606
102,8,39.5445771468,-20.5065414892
223,64,75.5612992327,-38.2816477512
313,78,66.5974477852,15.2759845748
302,74,2.5883032737,-38.3227130326
201,34,11.7039550163,-0.9033820411
213,46,64.7975594291,13.4511224594
223,65,66.0661798202,-25.6042943434
316,88,39.4420076141,45.7944936113
101,1,20.4830927190,-2.2939882107
322,91,61.9989367344,-11.2842712398
202,41,4.8610507078,-27.3236571170
322,95,55.5993538585,-0.8368645553
313,80,25.1355856674,-7.4684456413
107,9,19.4695539447,-0.6431838303
323,98,77.9078793856,-2.8766069591
223,66,277.8328032675,-15.0090202675
201,37,42.1423032911,-18.9327597364
123,32,36.8219827084,-24.9975583791
215,50,4.0940120068,4.5477758769
313,79,37.3377704581,10.3140114189
113,12,115.9900137033,5.6184672957
222,59,48.2953918005,-0.1558098771
307,76,10.8081838093,7.8367136362
122,25,41.9442480619,6.1035299519
301,70,10.0810959054,-31.9692392817
302,73,29.9599324437,-25.4430960667
113,13,42.5941754275,18.3678579404
102,6,19.6061951468,1.1820069924
213,45,132.5054520746,13.4240869820
315,85,1.1455416683,4.5917512354
222,63,50.9363719799,7.4976297693
315,82,4.7937891613,3.8751036229
122,26,62.5231217083,-6.2785618237
301,67,16.2855102049,-3.7266054790
115,18,4.6319396624,3.6013932757
101,4,32.9930448044,-9.9622172460
315,83,7.0319142295,4.5039682744
222,61,46.4255123750,2.3660445403
122,29,46.2766710718,-1.9712123340
213,47,42.8381305472,-4.4070676061
122,30,60.4833184185,0.5120130695
102,7,39.5445772812,-43.4025778877
315,87,72.4475159320,65.2538080471
215,51,6.9913254723,2.8473464908
214,48,0.0000000000,-88.9511402383
218,56,474.5307964609,99.2639771015
221,57,462.7856672705,61.2860272793
202,39,17.0622327565,0.1267570240
113,14,73.4880638547,-5.5387605002
222,58,60.6292521303,6.5484755876
307,75,36.9271237566,1.1268366733
122,28,44.5924336605,4.2837306487
222,60,56.8002352655,5.5068674873
115,16,6.2896378015,3.3126155033
315,84,0.9795886066,3.2118344901
123,33,101.9105638405,4.5612196101
323,99,163.5442783777,38.3999525081
122,27,41.5596935807,1.2314014808
315,86,7.7913988018,4.3425883412
115,17,5.5482941982,5.2749439763
115,19,2.4775053165,5.1028711411
322,93,61.8772386529,4.4568899559
115,20,2.0582781551,2.8093946896
222,62,47.6919489542,1.6727150330
116,22,72.9124558154,-4.6700918708
207,42,46.1925104761,29.6835500271
301,68,18.3785029648,-0.4709379266
107,10,64.0165342379,-20.5225207983
215,52,4.0421310943,4.5953690857
--end of generation dispatch
