--generation dispatch
bus id,unit id,pg(MW),qg(MVar)
9,1,1007.6623996061,470.7569387538
35,1,1471.6576237688,536.0791222568
11,1,792.8378641423,-152.1045588027
65,1,1808.3108935554,506.4690497746
4,1,647.2813396481,-94.9550844892
13,1,524.4211453577,149.8424628381
149,1,707.9261551636,347.9503412692
40,1,410.5095705120,-13.3360867255
30,1,1388.4389841789,721.0875668806
103,1,414.5350991847,-135.3501899285
18,1,507.5319798484,-278.0222190058
36,1,1150.8190324666,591.3869155013
138,1,330.7555014329,-204.1344254407
43,1,456.6774475858,85.6943110698
6,1,786.3565204073,-69.2910736297
77,1,2676.4229664763,217.9400151945
118,1,1669.4711376332,1416.5264509221
45,1,960.9622824408,393.5767277038
112,1,621.3190360483,-157.4689473573
144,1,1367.1045780838,69.7725244558
148,1,773.9297752192,45.4746391019
47,1,186.8311727631,23.2322516015
15,1,1219.7926562691,284.3867283469
116,1,281.5003388640,-40.4751206400
79,1,5299.1912735737,-901.3132936621
162,1,637.5569884429,211.5235415230
140,1,870.6618261213,1004.9709341872
159,1,578.5463812823,-43.1365122801
70,1,499.6978296848,-321.3929093384
--end of generation dispatch
