--generation dispatch
bus id,unit id,pg(MW),qg(MVar)
123,31,94.1656560174,-27.8159138733
202,41,48.0841771596,-24.2288327270
313,78,7.0383830761,-1.9393326281
201,35,20.8175367959,1.6531949045
122,26,43.2367980542,2.0950810552
207,44,14.7807412792,-10.5119992888
215,49,7.2080635172,1.9820452322
201,34,8.9307549828,0.1579879900
114,15,0.0000000000,-36.3946012796
218,56,296.3130204191,53.2230674497
118,23,506.1439541902,84.4511994288
315,85,2.3679083217,5.6473270658
322,94,55.9157250907,6.6445252053
115,16,3.2051946452,3.7224553974
302,71,11.5138224494,-2.2089213813
213,46,144.7902198863,8.6827934501
302,74,25.6349554754,-34.0084739562
101,1,11.0992211804,0.3541233727
122,25,58.1925244086,1.9771502349
207,42,22.5043616514,34.9091440964
213,45,34.6968276529,-8.2890922605
313,79,98.2986893295,4.1893811708
318,89,410.3576550253,62.5128450357
101,4,24.3632994426,-23.5289437454
107,9,40.5143730976,22.6512366754
322,92,41.5261434756,9.8270537257
102,5,16.8397974521,1.4060199295
307,76,33.6308759090,2.5106894708
207,43,33.7688736315,14.2547070772
215,51,2.4909618757,5.5302811456
107,10,48.6309612158,-20.2561127688
115,18,1.5589710856,4.8382021726
307,77,31.2801930972,16.3650002129
323,99,121.0294034507,-20.7694923434
301,70,9.8839148722,-6.9076094957
202,38,20.5489293549,-2.6883631362
121,24,378.7116697422,109.1960006065
214,48,0.0000000000,34.7147670784
123,32,94.1656528034,-45.7879565162
314,81,0.0000000000,0.4988961351
101,2,14.3105166539,0.0709566402
223,65,102.5189092677,-47.8987631211
301,68,22.2831679257,-0.1123535376
321,90,362.8926658810,36.8695729348
221,57,301.8261981193,20.9222774790
222,58,37.5320830748,0.5378854676
315,82,1.6411001030,4.9723966626
223,64,102.5189097935,-3.0764787879
115,21,88.2207367152,65.6287443171
322,96,62.9241024136,-1.4166597774
222,61,60.1678184622,-5.9756775322
307,75,61.6314548545,-1.5689886220
215,54,104.9057699618,61.4221275289
222,60,57.0670497457,3.7258658735
123,33,122.5760221808,47.1154645082
115,17,3.0387827989,3.6158751712
302,72,18.5265923330,3.0136446271
115,20,0.3353284520,1.5654780099
202,39,16.4383602484,5.0658971015
122,29,39.0846208382,6.8455872156
315,86,3.2423187022,1.9582274423
316,88,95.1181099544,62.0664399529
222,62,37.8039184904,3.4591220629
222,63,52.1368465984,6.2646603240
201,36,12.6317618945,-39.6422726239
215,50,1.3310068229,3.0154854682
215,53,0.5216926225,3.9216208061
101,3,24.3632924425,-24.9282949217
102,6,20.8616297432,3.8695406187
122,30,36.8611275397,-0.8121020346
322,93,61.9265219026,5.3994559034
213,47,89.7105542121,3.2749719290
122,27,43.2946109321,-0.6267305707
216,55,107.9904317701,72.1984627871
223,66,158.7764175334,83.5365552701
215,52,6.0846053176,2.9836896497
102,7,27.1748579104,-13.5605292633
107,11,50.1850587397,7.1323562722
113,13,56.7317560470,25.7624743960
313,80,46.7483222016,7.1674847663
113,12,11.9945529035,-31.9375298317
323,98,93.3495121747,6.0815054048
116,22,92.0977753973,2.0115972054
322,95,61.8109023354,1.4193461428
113,14,81.6046977409,-16.7551005430
301,69,42.1976214954,-30.3982108681
315,87,92.2603890634,76.4637134775
323,97,93.3495036655,-23.6715592209
322,91,42.3257694106,-0.0996383294
202,40,12.9690727642,-41.9590854835
315,84,5.4786350428,3.2006587852
222,59,41.6901714324,3.6187135985
102,8,27.1748578445,-33.0488172926
315,83,7.4979947516,3.4101530751
302,73,26.9325102830,-31.1786342776
201,37,37.0087948864,-6.6180101285
122,28,48.3548163568,1.3911948328
301,67,15.4505550595,3.6598831161
115,19,5.3895115276,1.2099724945
--end of generation dispatch
