--generation dispatch
bus id,unit id,pg(MW),qg(MVar)
222,59,62.7592437521,-2.1420195616
322,95,64.2461423657,2.8172818053
307,76,29.5849225693,-10.4744741506
315,82,1.3316159841,5.4447034646
313,79,111.3142589123,28.2235587856
322,93,55.3546684386,1.8951051199
323,98,93.6216904070,-43.2157872689
315,84,6.0652123145,2.8253997397
101,4,65.9012993723,13.7807798082
201,37,40.9379372724,-12.1528934554
121,24,325.6517734025,154.4707787842
122,30,61.3048982402,4.3083071273
122,27,41.0158308517,-2.4410295618
102,5,16.6548565132,2.1967652817
207,44,47.5817473466,27.9597949553
301,68,11.0676511698,2.1085813208
218,56,343.4284244173,-12.0821827679
315,85,5.2101062093,3.7275969708
113,14,62.7311068277,0.2030278874
202,39,13.2076909237,0.9006265055
223,65,7.7258605316,12.0481716096
115,18,4.2549985778,2.3063188332
302,72,9.7083174288,0.9305231237
202,38,17.1011176521,4.8143561648
318,89,381.6231725831,51.7465957132
122,26,35.8458997208,3.5933042106
213,46,137.6363138591,-1.9972266773
321,90,336.8531763659,51.9007461086
301,70,25.2086013681,-14.8532084476
101,3,71.8333749590,13.4374041999
207,42,64.8476062657,20.9176369005
122,25,46.4658900901,-3.8565647089
222,58,39.2684829740,-1.0459004765
323,97,62.2175263279,-23.8036543628
123,33,173.0665149125,-63.2568696311
116,22,73.5222905878,-47.2909917122
222,61,53.3210256991,6.8820544851
315,87,77.1394606956,77.9853818973
313,78,22.6601392462,30.5410621641
314,81,0.0000000000,8.8851223412
307,77,58.3158023702,24.9765589767
302,71,15.2757048830,-0.8524706746
118,23,436.6113270124,42.9420434119
115,20,5.2297756178,1.3207533562
122,28,36.7511001407,7.6191916702
222,60,35.9493519964,6.6148991177
107,11,54.6915922995,-18.6991614698
302,73,12.9717776537,-15.6023905430
323,99,155.2690137457,-2.7903172695
201,35,10.4214050926,5.1704239493
215,54,25.3793174262,45.7283108069
322,92,51.2678736646,1.8064368976
322,91,57.6247427810,1.5602045081
221,57,325.3231506260,42.5274779487
102,6,12.3810901868,3.6347503378
215,53,0.6327615644,1.9498520553
101,1,10.4146529050,6.8032014036
102,7,95.5191936662,-10.0566525019
223,66,152.8840290275,-30.5614614120
322,94,35.1252579956,7.1448060897
122,29,35.2787862500,-2.8822161593
214,48,0.0000000000,34.0527618651
113,13,114.1053644133,20.5809464722
115,19,4.6214820292,1.7610285772
207,43,48.0890610965,-19.7175865626
213,45,89.6487192716,23.7880268460
113,12,83.2075247612,-15.3930759365
215,51,3.9277861697,3.8363182259
222,62,59.6703072164,0.0477376795
202,41,18.2378194555,-35.2586789377
322,96,59.5586799795,8.3419666694
215,52,0.8574210385,3.8916664426
102,8,94.5443583730,-13.5261630167
301,67,11.0565387508,1.0302516530
307,75,38.8452310220,0.0614178725
215,49,3.9260075017,5.2795506453
202,40,3.6393046078,-16.1319061016
115,16,0.9903773357,2.0828479659
107,10,67.6152317598,8.7720525580
101,2,16.3050333110,8.0928936859
123,32,55.2345185025,-48.8956384840
223,64,75.2998105394,-19.2666642835
201,34,14.2650828643,4.6101596766
115,21,78.3927066140,30.5150994467
222,63,37.3626758477,4.8772506027
123,31,89.3220789255,-36.4846239172
213,47,14.8371669778,21.6216830284
301,69,15.4506818985,-34.5334655435
316,88,62.7107486556,67.5262266006
216,55,102.2556863001,52.0627418449
107,9,39.3710908537,-13.4120725986
302,74,56.8273574326,-29.5062415828
114,15,0.0000000000,29.6186563056
315,83,2.0729878111,5.4559620850
313,80,10.6746720492,23.3555229912
215,50,5.5147980656,1.1307728561
315,86,3.6648667851,5.7426368940
115,17,0.6832894533,2.7830619273
201,36,39.2542834947,-2.5853916207
--end of generation dispatch
