--generation dispatch
bus id,unit id,pg(MW),qg(MVar)
118,23,397.1495127852,158.4952838929
213,47,69.7574244959,-0.1205983975
307,75,5.0887339191,-7.7461051664
315,82,5.9958256733,4.6253248389
218,56,442.1006125944,88.2256190394
318,89,322.7434237670,50.6152268960
322,95,38.6130508632,-1.1788315714
313,79,131.8888132339,43.3428038630
116,22,75.8068091972,-64.4859701306
101,1,13.1954085839,-0.4934396801
302,72,14.2954738140,-0.7833981989
302,74,12.5848377559,-24.2178789139
113,12,135.0269992577,-11.6150554737
115,16,0.3070917780,2.2242675756
215,49,3.3429846009,3.2757170173
115,17,2.9924727405,2.9671153010
302,73,12.5848396675,-41.2098510713
207,44,10.9337976087,2.1345774351
101,2,18.4082319903,-1.9051573208
122,27,59.9184253452,-4.2548111030
202,41,16.4811276971,-28.1525478021
107,11,19.9911195949,-5.2236089655
223,65,85.4994584529,15.0866757829
313,78,104.7839231024,15.0128179748
113,14,112.7800526323,-12.8689998296
122,29,56.3445227816,2.3015877705
122,28,59.4361728326,0.5211833604
215,54,89.4140497607,76.6249450310
301,69,12.2251589906,-22.9104406204
222,63,52.6612536273,6.6275289985
322,93,45.6505884920,8.0338079063
301,68,11.6514917649,-3.0129745058
315,85,0.1160918957,5.3586873839
322,91,55.2882182729,-1.3244457135
115,19,1.3184065786,4.5456470859
113,13,100.0105033563,-4.9997244411
213,46,33.7641824116,-17.5351571408
316,88,87.7787023415,35.3073748004
321,90,400.5105055303,28.9039795116
302,71,20.8294414891,-0.0939238226
221,57,312.2811225046,56.4315560213
202,39,18.1559849651,2.9397692027
222,61,47.1200682236,4.9678260369
322,94,50.0808739793,8.4554639706
323,97,87.7573364608,-10.5013542446
102,6,9.5690410839,3.4875398418
314,81,0.0000000000,68.4869484778
323,98,87.7573537306,-53.9674021771
315,86,0.5837286693,3.3653838093
201,35,16.2960776160,3.1480068185
102,5,19.9442914153,-2.2712857537
115,21,49.5161895148,57.8265075794
222,58,48.0233910623,4.3587449737
102,7,68.8610918107,-25.8943660256
122,25,56.3676293347,-0.8960159290
207,43,7.0249798569,32.2244169660
315,84,7.1496107584,3.5668145395
322,96,61.3030558257,-1.1145122607
301,70,12.2251586142,-32.7965526106
214,48,0.0000000000,68.1855141964
101,3,47.4195256233,-34.9855021206
201,34,13.7298576697,1.2336196286
123,31,99.8271697483,-86.2136968164
215,53,3.1859245562,3.3551342534
201,37,15.2696895823,-7.3709379428
107,10,37.6712199674,-12.5141899013
322,92,57.5635314025,3.0382358270
307,76,25.8222666372,-4.0543583739
123,33,251.3943982660,11.5364437384
223,64,85.4994473267,-16.0797918308
107,9,21.0799914960,30.1128256657
114,15,0.0000000000,18.6410373387
313,80,18.4538931303,12.6528990117
202,38,21.5293689195,0.3383652447
307,77,48.2821333118,23.5815473358
102,8,68.8610915030,-10.7464967743
216,55,61.2168775434,74.7809540310
215,50,4.9603169660,5.3198513930
315,83,5.4643605271,3.1438031782
222,60,63.7962625911,3.4587210257
223,66,121.7225213503,49.7227364820
215,52,0.4145020778,5.8549290900
215,51,5.6363436248,4.0889330385
201,36,15.2696900512,-37.2986855464
222,62,62.2104808655,5.0153074129
323,99,213.0992619637,24.3226736833
101,4,47.4195262379,-24.1581570456
315,87,81.2043790119,73.8145590460
301,67,16.4283112950,3.0287800316
122,30,51.5560800176,-5.4933997631
207,42,22.2428521783,-0.1837127370
122,26,61.9833775157,-12.8589509186
115,18,6.0840297446,3.2479645706
202,40,15.5513406949,-32.4370079740
213,45,55.3375294824,5.2494469693
123,32,48.6362397018,-13.6595911637
222,59,50.5923129352,-1.1843483446
115,20,2.1636022430,2.1132486118
121,24,324.6512481373,63.7287960471
--end of generation dispatch
