--generation dispatch
bus id,unit id,pg(MW),qg(MVar)
322,96,59.8774636191,2.9263841273
122,28,46.7216356072,5.7863890013
202,41,14.7389518765,-40.3407611056
102,8,54.3513612463,-30.0868989786
314,81,0.0000000000,26.0706997618
301,69,16.3161368424,-17.8887895453
302,72,17.1670659368,1.1149667526
113,14,106.7877878435,-26.2105183067
315,87,112.8016527323,84.9179685843
223,66,117.6631051513,24.7930604471
222,62,64.1994506633,1.6438601301
315,84,5.7943240979,3.8499858426
222,61,54.2713968712,3.6215888043
307,75,31.5508996890,3.9462592685
123,31,60.7420038008,-15.3846416237
315,86,0.5809499783,5.1527118032
216,55,72.1520787247,87.1754393832
121,24,455.4200848847,88.1339853087
201,35,14.3265637217,-0.4746238492
301,70,17.0754266537,-19.1645435851
122,29,56.4555706197,1.8435107071
215,49,2.1794293588,4.0425587260
202,38,15.1801873716,4.6165060823
215,54,64.1390541497,81.0554028347
118,23,344.0283625861,103.7338901539
318,89,468.7440543940,94.1017694441
123,32,75.1238264255,-25.5649677115
207,43,24.8653555562,6.5228117557
115,19,6.5284624419,3.1103823515
114,15,0.0000000000,5.4206742260
322,94,48.5444462396,0.3196182699
222,63,43.2326796931,3.0596193902
115,18,3.4476627748,5.2525155847
222,58,34.9734544754,4.2739167641
213,45,100.2153163464,-23.4141614092
223,65,91.5731514273,9.9062100869
307,76,59.1689878795,-7.2889489679
101,2,20.9874754501,1.6798924119
102,6,10.9594184025,-5.5485772497
316,88,119.7851684756,48.2892873665
215,50,2.2261972939,4.4404146474
322,92,43.3137734541,8.9258890705
101,1,14.2625821795,3.0147873782
222,60,54.9043337838,2.4629531328
122,27,48.1288201964,6.1358807814
301,67,20.3964530058,1.4996346449
323,97,118.0630224564,16.8655735479
302,74,39.2269116430,-27.5996876474
323,99,202.0557594938,24.9029147373
222,59,62.3681250168,3.7885631035
213,47,24.0939568619,1.4441159126
101,4,48.1481009039,-19.5431408823
122,26,52.0525175027,6.4167327352
113,12,108.9675677718,-5.6872744907
215,52,5.8260976833,4.2464925132
215,53,6.3722223346,2.7249880758
218,56,296.7002991524,61.9727967411
107,10,28.4600259943,25.4793685356
207,42,58.4619774500,-13.2779819944
302,73,42.3829431665,-14.9262999047
201,37,45.9770984650,-21.2372519772
315,83,4.0757094289,2.7838642962
113,13,108.4504878510,1.0163298944
116,22,29.2320755741,-40.2591264979
313,80,47.8363663459,7.5987714288
322,91,54.9250655206,0.0773208073
313,78,43.2661870508,-15.2737915302
122,25,60.9472896039,5.1286382835
315,85,0.4938257918,4.1281408055
115,16,2.4452631402,2.3300189689
322,95,44.4750997381,-1.3707098851
107,11,21.4951494202,15.5105149143
201,34,14.3690306373,-0.1912393032
215,51,1.0750358982,3.0085531285
223,64,91.5731455520,-19.6541570828
321,90,288.1038962069,70.5728989990
214,48,0.0000000000,28.3174128512
115,20,0.0192229348,1.4335770575
115,21,108.9950082274,1.8656752848
207,44,50.1122129993,19.5662228466
315,82,0.5124550038,2.7067691027
123,33,90.9044513847,47.0957083599
302,71,10.8355274577,1.5529467097
115,17,1.3817869719,3.2017112547
301,68,17.3258909436,0.5847814489
101,3,48.1481004765,-15.5081703277
202,39,11.2687624083,5.1098478072
102,5,21.6015597521,-4.8638318256
202,40,27.1790413226,-36.1376544301
307,77,24.5290125763,13.6335896135
221,57,384.0223383091,36.4249013211
107,9,27.7313390170,8.8594722903
122,30,42.0959016491,4.3945137612
213,46,55.0173802676,17.1158415010
313,79,7.2623455774,1.6138469695
322,93,46.9012032988,3.6086459309
102,7,84.4734225159,-46.4768800578
201,36,13.8709604689,-30.7772745455
323,98,136.1063566193,-8.0632767831
--end of generation dispatch
