--generation dispatch
bus id,unit id,pg(MW),qg(MVar)
207,44,29.2618290339,38.5479829735
322,94,49.8361288947,8.4428975429
301,68,10.9216364575,2.5167340591
101,2,14.6279833675,6.4160178071
322,93,64.7502982062,-0.9427423259
313,79,51.6672705044,-8.4538805293
218,56,283.2096212513,61.9161766871
322,95,37.6619045650,-1.0807001271
202,39,17.4526753212,-0.1085354323
202,40,28.7848782709,-32.8998246090
222,63,55.1004670210,3.8239839452
201,34,19.3040895431,2.4879161937
102,6,11.7470226946,0.7397720214
213,46,37.9915017647,13.9153105687
301,70,38.1042245119,-14.5399656810
302,71,13.1497421252,-1.9864811886
115,19,4.6185187410,1.5006254744
302,74,26.5396564987,-47.1062956530
122,28,46.6017481840,7.7463570787
323,97,106.5202119217,-4.2655148964
113,13,97.3385516397,-30.6508840066
313,80,77.0922618786,-7.5972464652
107,10,55.0037391996,-11.8183569731
202,41,16.8112020807,-28.5459920906
222,60,46.2172580766,0.4604654930
101,3,41.9729674076,-28.4382522003
223,66,154.1307464849,100.8476049009
315,85,0.0758838833,3.5619266033
223,65,110.8167937112,-31.5305663586
302,73,11.7478815962,-44.9544588725
215,52,0.1526164614,1.3412296143
115,18,4.9167625754,2.6096674981
113,14,91.7679204248,-11.6458406433
122,30,53.3463814428,-3.9209249209
207,42,12.6780633886,-11.5236085635
122,25,45.9619152771,5.0398958746
322,91,36.8415352706,-8.0725925553
107,9,65.2081967751,-6.2633654834
318,89,354.8138432738,40.4953833746
107,11,18.6633286382,9.8388450148
322,96,42.6829646998,6.9449015147
123,31,68.1710338373,-57.1322849457
201,37,15.6801748182,-24.0279575878
123,32,72.0868827660,-12.4981012158
222,61,38.2250773324,-1.9652124396
114,15,0.0000000000,-52.3572870342
115,17,8.5551651760,3.5202539764
115,20,3.8281288694,3.8108342882
223,64,110.8167137432,-18.1541384266
302,72,18.6972693012,0.9531377927
315,86,0.2069585435,5.1860175528
101,4,41.9729631536,-22.4745496150
216,55,99.8485089466,53.3509059440
222,59,51.8144489195,3.7746996427
214,48,0.0000000000,56.5645722341
215,50,2.6599515570,3.0683399031
118,23,335.3915421589,56.0124953325
201,35,10.9012441679,7.5776420379
116,22,71.0239365084,-43.1907262532
307,75,11.7253694582,3.4304654339
307,77,37.2227312604,-2.0723072175
113,12,39.0712500901,19.7795870592
301,67,15.7912128997,5.1653728489
321,90,340.0085252681,20.8756080009
122,29,40.4733093006,0.5312517425
207,43,0.6140391126,-5.7553602036
315,83,4.0431438851,3.7879615031
101,1,13.0058453420,4.5222631505
102,7,50.9500545533,-12.6570019630
115,16,4.7535727899,1.9283178933
323,99,188.0107815665,58.6937748373
314,81,0.0000000000,9.1345557899
315,82,0.2017817811,5.3691179989
313,78,57.8689088483,11.9072840864
102,5,20.9797312970,2.9098021422
215,54,94.3354360352,54.9249003523
215,53,1.2600243300,3.8093316288
221,57,392.2881466469,33.4143844422
307,76,38.1082642151,18.2586827643
315,84,2.8787777150,2.4209572983
323,98,109.1172095933,-11.8778375806
315,87,101.5730025758,64.3086456985
316,88,106.3441763041,86.0185162889
215,49,0.1976570349,1.5502669428
213,45,27.9382055140,7.9147367565
213,47,134.5928334066,0.7797500850
121,24,329.4108969458,122.0507390520
122,27,44.0173589827,1.0374317273
202,38,19.0641285147,3.0327869916
115,21,71.4680565160,65.7085101833
102,8,50.9500663430,-4.0064450993
222,58,51.3743355520,3.9632982965
222,62,40.4363400581,3.7393314203
201,36,15.6802585929,-21.4642944518
322,92,37.3071406041,-2.3156699355
122,26,57.0709612749,2.8189404702
301,69,11.2685202556,-29.8779851890
123,33,202.6810212865,-29.3806692983
215,51,3.5730899601,5.5738692830
--end of generation dispatch
