--generation dispatch
bus id,unit id,pg(MW),qg(MVar)
202,38,10.6126886816,3.4472459393
323,98,29.2192332616,-32.3352885254
322,95,52.8642752985,4.5806770265
113,12,120.1840574601,10.6756815900
116,22,91.2998277366,-5.1797577870
222,60,36.6213031367,6.1626082901
115,20,2.0477792396,4.2992727499
102,5,13.2416502397,8.4175933777
202,41,51.7998534746,-33.7858749580
113,14,39.3124876781,-16.8297228013
223,65,32.4629289008,-2.8924691100
101,3,29.1577869504,3.5855540160
202,40,35.7851226588,-5.5313889435
201,35,14.0963592467,3.9576771451
323,97,67.4617682356,-9.5692986354
221,57,243.1911074091,61.3385808194
302,72,18.6683342928,3.1929752822
122,27,38.7163961701,10.5095033584
223,66,208.7244123877,-14.9723978764
207,42,57.1857711300,-11.4770658869
122,29,51.0307461744,11.8071327301
123,31,41.6907151241,-24.0779126294
323,99,173.4579690313,15.2862785358
315,85,8.2105664391,2.8222024327
107,10,16.7038979183,28.6155684204
315,84,3.0396160107,4.1193963353
102,7,45.4792170080,-2.2416433864
123,33,89.9026285098,40.9635665948
301,69,34.6770714178,-27.3111631628
215,50,2.5167298148,3.0642266651
121,24,337.7858009443,106.9642043686
201,37,5.7941682242,-11.9529659007
216,55,91.1001673429,56.9275473367
302,73,48.4972727961,-23.7876740414
307,76,3.4029209058,8.5380696760
222,63,64.4358402023,-1.8146644583
314,81,0.0000000000,9.2377954732
114,15,0.0000000000,-11.2125801501
213,46,123.6679708913,-12.8956598273
115,21,84.1199773904,24.3897900384
222,61,37.4179488232,4.4078798983
113,13,133.4370657621,8.6019608298
122,30,59.3724049300,13.2039498722
215,54,41.1521202952,-42.0578582700
201,36,23.1662039616,-19.4578333486
101,1,12.0938187010,3.7475018175
215,51,1.9714259805,0.8025385213
123,32,48.9510776320,-32.2069569053
315,83,5.4187510445,3.0911740746
115,16,2.4524738644,3.9386354192
215,49,2.8426300621,-1.4806108221
315,82,5.6720809086,3.8431295822
315,86,6.4862570236,4.7741484832
313,78,24.8750116856,42.7608773007
101,2,12.5362145537,5.3847872657
218,56,260.9414736231,27.8184130991
122,25,60.2903597847,2.9974367503
207,43,44.8852508957,26.1174669436
215,53,3.0264308337,1.3520110709
222,59,55.7656980979,2.4494305341
301,70,18.7809917105,-24.9648936314
122,28,57.1789148635,5.2885454937
102,8,45.4792176725,-7.4686649733
321,90,446.4956470907,101.9772842297
102,6,12.1782388410,5.3700770835
214,48,0.0000000000,-5.5161055132
301,67,18.2507569722,-4.5557026384
313,80,105.5944470556,-24.3864866766
107,9,10.5452339025,-5.0026591476
213,45,95.6816503666,6.0351146474
215,52,0.8334013511,2.5222118599
322,93,52.3756637014,4.0916789040
115,17,2.8686747012,3.6718139740
115,19,4.6929831156,1.2030486630
315,87,27.7637966667,66.2736992712
318,89,308.6874125285,90.5726504118
207,44,48.3690990531,12.7842514482
107,11,25.6291724846,-20.4557478303
118,23,320.3805952285,49.8097624094
307,75,41.4647264977,10.5418153016
322,91,50.6572304652,1.4590571699
115,18,6.5118548850,2.6364817412
301,68,12.6960165161,0.2797208476
313,79,95.4040518005,27.3480286129
302,71,13.9521878980,1.5938692189
213,47,82.9428928049,22.9201531837
322,96,49.5975882685,3.2346691892
222,62,38.4962557650,1.6691812995
201,34,17.6529423964,4.5810507997
307,77,7.0186214184,5.7223432085
101,4,29.1578036856,10.7336877441
322,94,45.2413486116,0.3686137693
223,64,73.0464342574,-14.6240920160
122,26,44.6691564399,3.4259922048
222,58,43.6281399357,1.6144723234
322,92,51.0439378312,4.1364624593
202,39,21.5950627994,3.7295684476
302,74,1.4625137858,-5.8148471565
316,88,93.9965551226,58.3032269642
--end of generation dispatch
