--generation dispatch
bus id,unit id,pg(MW),qg(MVar)
302,74,26.5396436629,-47.1023449145
316,88,118.9611841538,94.8114800971
323,97,126.6097871454,-7.6021501944
315,87,113.1223503443,65.0765488906
314,81,0.0000000000,16.1796337985
223,66,150.9605664615,92.5494916320
215,53,1.2600217587,3.8910625877
123,33,202.6809468282,-25.1224721046
101,1,13.0058408639,4.7173429039
307,77,37.2227087253,-2.2008218459
207,43,0.6140165782,-5.8028165763
115,20,3.8281263232,3.6935168673
302,73,13.7385525359,-44.9505081697
315,84,2.8787751622,2.4713725236
101,2,14.6279788897,6.5046059597
113,12,39.0712056824,17.7770557060
318,89,354.7888813099,35.8848350781
107,11,18.6633061036,9.5574515148
113,14,91.7678760167,-13.6515692712
301,67,15.7912084209,5.1426238051
115,16,4.7535702577,1.7468851297
214,48,0.0000000000,63.7966336148
322,93,64.7471777677,-1.3998051337
323,98,126.6104137604,-16.5592445846
215,52,0.1526138647,1.4747835441
313,79,51.6672260966,-11.5483219173
322,91,36.8384148322,-8.8011049135
102,5,20.9797268176,2.6015383712
213,46,37.9914573569,13.8450872342
315,82,0.2017791824,5.4276341784
122,27,44.0142385249,2.0632670108
222,62,40.4332196128,3.9810112215
122,26,57.0678408171,4.8259061066
221,57,392.2631846479,34.1932434554
114,15,0.0000000000,-34.6724202337
207,42,12.6780408539,-11.5707504116
322,94,49.8330084562,8.0777175077
307,75,11.7253469236,3.3168799685
121,24,329.3859348930,165.4282059689
213,45,27.9381611063,7.8595568088
222,61,38.2219568871,-1.7774812153
222,58,51.3712151067,4.0592413861
315,86,0.2069559507,5.2374275571
222,63,55.0973465757,3.9274199363
315,83,4.0431413596,3.8414573939
115,19,4.6185162095,1.3992252499
201,34,19.3040850635,2.5718040678
115,21,45.2320256650,38.6689265118
123,32,72.0868752360,-8.6104189085
215,54,89.6623430867,69.4462660004
113,13,97.3385072316,-32.6895681180
107,9,65.2081742397,-6.5462289956
323,99,188.0109127915,50.4783560585
301,68,10.9216319789,2.4940278769
216,55,96.5476931643,44.3055909589
122,25,45.9587948194,5.7535366379
202,38,19.0641240363,3.0556131959
215,49,0.1976544367,1.6320969580
321,90,339.9835633029,29.1210420261
201,36,15.2182515305,-19.9257695425
102,8,50.3408289175,-4.3265729058
107,10,55.0037166644,-12.1004892387
215,51,3.5730874133,5.6256455178
102,6,11.7470182161,0.4297855255
315,85,0.0758812801,3.6149260923
122,29,40.4701888428,1.9910296834
201,37,15.2168170354,-22.9504645453
116,22,69.9935785886,-80.8736309025
202,41,16.8112159667,-28.5198566494
313,80,77.0922174707,-10.4521392500
218,56,283.1846592686,69.2153213136
118,23,335.3665801037,111.7113266800
122,30,53.3432609850,-1.7405998536
115,18,4.9167600209,2.5204553134
222,60,46.2141376313,0.6437696233
322,96,42.6798442613,6.5645101212
102,7,50.3407378172,-12.9778466206
302,72,18.6972648239,0.9572688842
302,71,13.1497376463,-1.9823546191
202,40,28.7848650667,-32.8740325989
301,70,38.1042095015,-14.5620230808
123,31,60.2572788547,-53.0383532304
122,28,46.5986277262,8.7717273037
322,95,37.6587841266,-1.6302993315
307,76,38.1082416800,18.1419073812
213,47,134.5927889982,0.6820650146
301,69,13.2499018710,-29.9000095956
115,17,8.5551630856,3.3558317934
201,35,10.9012396892,7.6537377717
215,50,2.6599490143,3.2002411599
101,3,37.9787499687,-26.6285918347
223,64,109.1435060031,-24.6158366542
202,39,17.4526708429,-0.0849861280
313,78,57.8688644404,9.5256911773
322,92,37.3040201656,-2.7573979163
101,4,37.9787252508,-20.7414372212
207,44,29.2618064989,38.4961906744
223,65,109.1440094124,-40.5956017077
222,59,51.8113284742,3.8675340252
--end of generation dispatch
