--generation dispatch
bus id,unit id,pg(MW),qg(MVar)
30,1,2353.3280274001,474.3902984969
140,1,907.4288672346,927.0743422352
35,1,1722.0387786793,535.1352035585
103,1,304.7170250347,-247.0726544203
118,1,1928.6118298142,1762.4813876441
36,1,826.8357914624,576.1792524387
47,1,142.1332541748,25.7921621790
11,1,445.6010625472,-120.5678309738
6,1,1085.0906613318,-82.1756580523
112,1,529.6696906528,-183.2109299551
159,1,606.1310875325,69.6968907439
13,1,471.0149117943,310.6134051305
43,1,429.0691510161,122.1088134419
144,1,1280.0660892178,-26.1805567548
148,1,764.4032897275,31.3067723643
45,1,1302.6779040229,488.0818202222
162,1,839.5724558393,375.0289131392
65,1,1757.5451250053,472.4443169280
70,1,557.2262846607,-118.1724561632
40,1,368.5984374166,90.0164750721
18,1,367.9365517917,70.9152111460
77,1,3393.7284173141,12.7680023798
4,1,809.3177188528,-20.4460654414
138,1,290.8179402276,-62.3431355593
15,1,1388.9792981895,322.9769186184
149,1,836.2330748373,109.6928179073
9,1,983.1399477224,-3.4018214986
79,1,3486.9864327044,-1034.6621098111
116,1,323.1778399839,-46.3650092329
--end of generation dispatch
