--generation dispatch
bus id,unit id,pg(MW),qg(MVar)
113,14,122.8305062187,-13.1097636099
113,13,65.4563292621,39.6631727296
118,23,456.5448349087,108.8600590100
322,92,43.1690415289,1.2177995342
301,70,14.5582751353,-23.4214049351
223,64,92.1745445800,10.4073534296
323,98,109.3734335353,23.2048997045
221,57,306.3375465317,38.9757295762
314,81,0.0000000000,22.7381506843
322,95,47.9116367912,8.1726558028
107,11,18.8533748069,1.7706232876
322,96,45.5377321472,-1.8187123954
215,54,63.2885665828,69.5189411146
222,58,54.1889060815,0.8262958148
207,44,32.5289326289,-1.0896886608
121,24,402.8062711960,80.6567717388
116,22,57.9022785908,11.5069635271
313,79,23.9208864345,-15.4081778797
102,6,11.3163263433,-0.5486716616
302,71,17.8670435334,-4.2806385366
302,73,50.0135499937,-14.7320646532
215,52,6.3399573340,0.9209761508
115,16,2.6109432710,2.3357885841
107,10,41.7245228712,-2.1219024413
213,47,82.5573700896,-1.8908268723
301,68,16.0830429418,-2.9463375560
207,43,5.4153078212,11.0598593534
123,31,123.0976037407,-59.1255170885
122,28,47.2270539999,-1.7742083786
222,61,38.1109264670,0.8423982141
214,48,0.0000000000,23.0281906061
321,90,284.3314358710,49.3987598698
315,84,0.3781815508,3.9844969128
215,51,4.7272617307,2.2463108437
201,34,16.8083950774,-1.7997033646
115,20,0.8970850150,2.0435803838
323,97,109.3734336599,-6.9935121344
115,18,7.0650318322,1.2044356659
322,91,61.0501515693,3.1227858103
307,75,2.5354627163,14.0524217658
202,39,16.8384393090,2.6576189442
122,27,35.6327409870,-3.9987591597
122,25,60.0945605235,1.7425436623
113,12,93.5533003641,-12.6697421904
307,76,67.2390747059,6.9401766839
315,85,5.1419921406,4.1736608424
107,9,55.3256228112,21.5182071515
115,19,4.0405768223,1.8688685561
215,49,4.6549999585,3.8685746908
215,53,0.8668671349,1.3617390408
123,32,44.8121623616,-13.2994277081
301,69,15.4163865070,-23.5922689764
222,59,62.2803968019,7.1758950374
101,2,14.5275099811,1.9764973054
313,80,34.9208475413,16.7319607714
201,35,17.5915283934,-1.9590966051
201,36,15.6358753259,-31.2496036291
313,78,11.8443062162,-3.5183737613
213,45,116.3555966836,5.3077388399
218,56,425.8716597898,80.5448226654
222,60,44.9997741138,7.8714307919
202,41,25.5616210352,-30.7110869009
122,30,38.5783812395,-6.2538107333
222,62,37.6094092676,-0.5548994680
101,1,9.8730890219,-0.2094255219
102,7,69.8511146371,-41.7624213272
101,4,59.2242906646,-4.0893244841
316,88,109.2283747996,73.3779796309
114,15,0.0000000000,-15.7406984594
322,93,47.9180150004,4.9600602275
301,67,19.0079402660,-5.2461438052
207,42,46.6647106456,9.1087426394
315,87,104.2098288517,78.5433607524
223,66,118.8027765726,-9.7381978255
213,46,55.3189897854,15.0756388883
115,17,0.7874717066,3.0836733597
222,63,49.3105698577,0.0863479683
315,82,4.9162513685,2.7332586046
201,37,15.6358753031,-12.8442789721
115,21,88.9495959083,46.8727503868
307,77,69.9683460360,-0.5354389555
322,94,43.9123710539,-2.4327549190
122,26,50.7468885174,1.3847850348
223,65,92.1745446347,3.3516330116
122,29,55.4255666761,-1.4999492920
123,33,62.7458357378,11.1252926059
102,5,13.4160047824,-4.2252448344
302,72,11.2825901532,-0.8331530227
302,74,14.7807210387,-35.3082933028
215,50,1.2037229063,2.0064980372
216,55,83.4901217613,67.9573503365
318,89,423.0380842766,57.1286016144
315,83,0.7720047151,4.0071791241
315,86,0.0435298250,5.0876073728
202,38,16.5404487741,1.6791446250
101,3,59.2242906631,-27.3700655226
323,99,159.4951672265,51.5124752699
102,8,59.5542418363,-16.1617521558
202,40,26.1742591799,-14.1039682071
--end of generation dispatch
