--generation dispatch
bus id,unit id,pg(MW),qg(MVar)
323,98,120.4934856536,36.2879729561
102,8,59.3301460511,-10.9221846128
323,97,127.6035036661,20.4432310068
101,2,20.1868026336,8.0944553337
302,73,19.8666572225,-28.2829381456
115,16,2.8498641133,3.0670573404
202,40,31.6521743917,-29.2355803838
322,91,52.2412098723,2.3675139019
215,54,110.5326104121,81.1315184616
101,1,19.0525291328,2.8886214114
222,58,51.6178632190,5.2656549019
314,81,0.0000000000,30.9629173354
115,18,2.1338917414,4.3080416211
122,25,52.1721739193,4.7334306376
321,90,458.0968809777,67.8753983603
123,33,268.1351280720,-74.7681552690
323,99,185.9424263492,14.3545599566
307,75,52.0388588286,-8.7573979714
213,46,103.4115568832,-10.5832813882
123,31,60.7332517487,-17.3540769253
102,5,13.4261169701,1.2697527870
113,12,8.8987857756,-34.7806069057
221,57,375.6485665866,69.9571678511
122,26,42.9654859088,0.7401655146
102,7,59.3301460585,-3.2714879030
207,42,45.8233963128,22.8729895764
322,96,44.2195443168,1.8970821027
201,36,26.3958208472,-13.7449368234
301,68,18.2178597953,1.9333916423
313,80,18.6178177450,15.5305551442
107,9,19.3671367166,-17.0300019520
322,95,40.1843193068,-3.8835175313
202,38,10.4428911051,1.3766169169
202,41,25.4776986085,-14.8627501707
215,49,0.2762641757,2.2803165620
215,53,5.9753633211,5.7914598333
118,23,304.3411708341,59.7626571972
315,87,120.6652817376,77.1261260969
223,64,101.4702167059,-30.4109031794
113,14,100.1416791650,-1.3021071162
218,56,416.9326850117,88.3123585782
307,76,51.6732551600,17.1223925404
322,93,42.8378391277,2.3244077713
313,79,84.6063846126,-38.2968894819
222,61,61.4526374999,1.1027485917
301,70,17.1142381909,-11.3391861193
102,6,17.4177616173,3.6345864353
215,52,3.4788421742,2.1489271956
315,83,1.4501601811,3.2660743646
214,48,0.0000000000,59.9049307766
222,59,45.0064668560,8.3882756946
116,22,74.5835312503,7.1594811438
115,17,3.7651564379,3.5264327626
121,24,465.7311796860,69.6027432018
213,45,6.7925640810,18.7176052310
222,62,37.6667308563,7.3891935911
115,19,1.4682213824,2.6560056963
222,63,60.2676752337,3.9217852608
318,89,296.4672566482,52.7228845034
316,88,125.4303167649,63.8726212062
107,11,34.3624021811,4.5191943629
302,72,12.1980265801,-2.0255156338
122,28,40.4504613706,-2.2292769128
122,29,40.5136200029,0.5263344523
307,77,13.4907970380,6.2179383509
223,66,136.4185402385,29.9281236870
322,94,38.9646811911,2.0890049831
113,13,142.2452104728,20.4234961265
202,39,16.5856014756,3.2263818357
313,78,44.6275346445,7.3631501614
301,67,12.5794826306,-1.7105361929
223,65,101.4702168723,29.3693007461
222,60,61.4236796449,-1.3801518960
114,15,0.0000000000,11.3025778967
215,50,2.2756290441,2.3658864763
207,44,49.2460052902,16.2053482705
201,35,17.0423461907,-2.7546979563
216,55,94.0581910030,37.3017703770
315,82,0.6558091598,3.9042681418
122,27,44.2017210868,0.0247610277
207,43,7.5103938975,-23.9333263041
213,47,59.3723484120,31.5443494964
123,32,95.0551614060,-38.9431017251
302,71,14.8114289884,-0.2827669238
115,21,80.0957979583,51.0208867318
301,69,17.1142381998,-34.0301078964
201,37,40.9752899321,-38.9927993243
315,86,7.3540791766,1.4807727673
122,30,39.6568541310,4.4980675206
101,4,49.5137790318,-36.0729689735
201,34,11.5345705488,-3.5878770580
107,10,44.1737978393,-1.6405100426
101,3,49.5137790162,-22.7731472669
215,51,4.4062762948,4.0634219799
302,74,17.3809440342,-39.1702611388
315,84,0.2379496688,4.1112418612
315,85,3.7952141704,2.3961156727
322,92,60.5343234387,6.0043523656
115,20,8.8145781473,3.7023587562
--end of generation dispatch
