--generation dispatch
bus id,unit id,pg(MW),qg(MVar)
301,68,16.7398564216,-3.6366470896
123,33,131.2155054911,-6.7112015565
316,88,58.6625685133,48.9335758142
101,4,47.9277236662,-39.1940530452
213,47,15.9060425675,11.8944265820
215,51,5.7888455442,3.5640820275
322,94,56.9914710993,1.9750153834
223,65,96.4335953248,-42.5484583698
315,83,8.7280846983,3.5399936192
301,69,15.1515723909,-21.7258416781
115,16,4.4624592966,2.1627579050
115,20,2.9616453449,0.7158683927
207,44,19.5909189363,7.3636285649
302,72,10.8492609123,1.4665438782
318,89,439.0773141033,95.2230635319
115,19,4.1412617970,1.3231478447
215,50,4.4857447721,5.3630219890
322,92,47.6051233574,3.8444541855
315,82,1.3970931046,4.6330776045
207,42,14.9126455851,2.6570311951
302,71,21.8507645651,-0.2067497144
323,97,85.1986977750,-11.8021505311
114,15,0.0000000000,26.5575230452
313,80,89.9902103380,-31.8548881958
215,49,5.7422258004,1.2151924515
222,59,39.4484430489,1.0050837188
222,62,46.7594082009,4.1214233423
216,55,106.3646124907,73.2679901522
121,24,285.4455716943,20.3652032722
221,57,358.1773486768,78.0153891835
223,64,96.4335961706,-20.3265377445
315,84,1.0896677406,3.0349733420
202,40,49.9913351040,-34.3351299381
202,38,9.8915271430,2.6479770021
301,70,27.9556468237,-15.6968706983
222,58,43.9770702909,5.2589247880
101,1,21.3105502124,2.7850138586
115,17,2.9795913554,2.6233869953
313,78,86.3725831680,-5.7634236348
107,11,5.6484033573,16.9771086349
202,39,11.3218052061,2.9109273111
113,13,13.9025031286,3.5078639109
118,23,374.1052467595,74.4234542274
314,81,0.0000000000,47.2277432741
321,90,446.6096407567,44.2592270406
322,93,63.8247511914,6.1458043391
116,22,105.7594554553,-10.7282307787
122,27,35.0428936196,1.5173925504
307,77,26.0706605850,-4.1242856950
222,61,63.1006112586,0.4424687069
123,31,98.7245021680,-6.6539759671
313,79,115.2186408032,-6.5009011279
202,41,12.4962310818,-34.6319437148
123,32,98.7245036274,-41.7552035451
101,3,47.9277241468,-4.0506382745
323,99,229.0966680194,48.5676190310
322,91,45.7092010375,6.5908459323
322,95,58.7257798417,6.4247414846
102,8,54.8749093929,-14.5416527541
215,54,106.4594977415,35.3324929415
213,46,162.1113446114,41.0808007300
107,9,63.4497052315,4.7985558053
115,18,6.8461370765,3.9040671324
207,43,20.2927726670,11.1379983670
215,52,5.3368117682,1.8629638119
113,14,15.0037693226,18.1894047259
102,6,19.6849033764,-4.7379166990
107,10,65.5976014119,4.1666869384
102,7,54.8749109284,-38.3516917853
315,86,1.3301607770,4.8421306703
218,56,285.1310626827,16.2771011708
307,75,23.9682229620,17.0789344611
102,5,18.1949453590,-1.1371637266
201,35,13.1972517262,-0.2764249284
201,37,20.2827031840,-10.6364315842
302,74,8.8719248375,-28.5836450984
201,36,46.5221997563,-26.1004949957
322,96,57.7369603753,-1.7895251814
307,76,33.2098426344,-6.2626776310
302,73,21.1371858499,-0.0545112448
222,60,45.5918462000,0.1253118308
214,48,0.0000000000,-27.1252895520
315,87,60.6610114822,77.8101925505
122,26,41.5518487229,-2.8149735038
222,63,58.7319301752,-0.1756513735
113,12,67.2966942642,-30.2762508477
323,98,83.2647765026,-55.0277134523
101,2,13.0639245518,-3.8072898167
215,53,2.1769532366,3.8163615497
315,85,7.4559525022,5.7481490331
122,29,38.4686552298,6.3639551108
122,28,46.0575908616,-3.7530624174
201,34,13.2629163647,-4.0543160577
122,25,39.6013617709,-1.6457818555
301,67,11.3908237607,1.8521558066
122,30,59.2100055803,7.7604776878
223,66,126.8738932538,87.9962215656
213,45,108.3961438237,6.5022760720
115,21,106.6305916370,73.0152386982
--end of generation dispatch
