--generation dispatch
bus id,unit id,pg(MW),qg(MVar)
222,58,36.0084641156,-1.5997287106
102,5,16.5142826876,1.8273931146
121,24,403.8308502209,195.3886752677
222,59,59.1487780529,3.5863674267
307,75,31.9195392565,17.5718862449
202,41,11.5886959326,-8.1470290874
322,95,50.9975453745,-0.4822078991
215,53,0.5937616552,2.6900890435
213,46,136.4246376259,28.9943159656
315,82,4.8919921783,4.3855672723
123,32,47.1220933144,-81.9612099999
322,96,38.5144890960,4.3789802086
222,62,44.9202742510,7.1653994231
215,51,4.5150118088,4.4859667622
122,29,44.2720425603,-7.8805205993
201,37,25.0050570735,-3.4701515024
323,98,47.8961105492,-45.3571916406
323,99,65.1927417964,-55.4234793877
118,23,303.7525455681,142.1857578329
122,30,60.4634166052,-11.6580305016
115,18,2.2094768857,4.1727660798
222,61,53.4186480184,1.2964780853
207,44,6.0659168137,-6.6124193640
313,78,45.4584345753,-11.8337345886
115,17,3.9036647985,2.0904003401
301,70,1.2214085973,-30.8651281616
307,76,68.1972593151,-3.1239753413
201,34,18.0121581864,6.2395017514
214,48,0.0000000000,174.6345472419
202,39,11.4463176567,3.4829521501
318,89,309.0440519303,116.9286995601
223,66,171.9286752911,11.9052835216
113,13,20.3047573446,12.2912399098
207,43,60.1373697247,37.6728797328
213,45,80.5533176671,-35.1064045705
215,50,2.2427710255,2.9448545961
122,25,43.4310056441,-11.7255773620
122,26,48.0981600270,-10.9221230915
101,3,53.8439223904,19.0492761811
113,14,60.5242871198,-44.6847463359
102,7,97.8925329221,-4.4326466106
123,33,184.4237343697,-12.1940399046
213,47,127.0282087778,-22.4558626734
215,52,2.4522318041,2.9026116195
215,49,5.0302330543,1.2914465380
113,12,31.9146435059,-12.8334263604
201,36,28.6859053252,-17.9067635121
222,63,62.5043241669,0.9717735072
301,67,14.5807543731,5.7676157550
115,20,9.0447509514,1.9869753941
313,80,86.1206603376,3.0895842945
215,54,68.5406982583,-15.4486454625
302,72,12.3488942804,-1.2574651642
123,31,19.4267092121,-41.1462428019
107,9,57.4651898560,-16.7167699455
223,64,38.2707199350,-50.6473318278
102,8,98.0444251518,-15.1328998903
313,79,149.7723938745,5.3498763574
115,21,159.5847298053,51.3959612022
223,65,83.2618766138,-6.8371768848
321,90,441.5046936789,129.9320468187
322,91,48.5981604642,3.3291675880
101,4,75.4098082573,4.6827647123
114,15,0.0000000000,15.8978013170
122,27,51.5403144885,-9.1883171254
301,68,21.2605111437,3.3708163439
202,38,11.7450226162,4.7948080670
116,22,111.1844731420,-29.0639379423
207,42,7.9474114266,-0.2824553946
101,1,16.9075210122,4.8856579811
322,94,42.5662349629,3.1123773924
222,60,46.4714658040,6.5376891408
302,71,19.7805152288,-0.5475275522
221,57,368.5866664981,60.2457697936
107,11,33.4779840684,-26.2702586974
122,28,61.3704410879,-9.7400068482
315,83,3.1803238245,1.9404121801
202,40,16.7350741484,-14.8831647801
323,97,67.9781497382,-29.3174811807
218,56,455.8131236224,16.3614323123
301,69,24.1877062134,-7.4183767368
102,6,20.5819096857,0.7294885987
302,73,25.2629588378,-27.5786751558
307,77,7.6915253373,12.0707894286
322,93,38.1125181866,8.2423020217
107,10,86.6117722269,8.2228244216
315,84,6.3982411203,5.1509120749
216,55,68.1386962923,43.0668557994
201,35,15.6619649681,3.3037109971
314,81,0.0000000000,92.9733148030
315,85,1.1564705648,2.0601743528
315,86,0.0941826162,3.3444334296
302,74,68.6162264434,-33.8461293949
115,19,0.7545793134,2.7972655029
316,88,2.3115406806,40.8670608997
315,87,49.5939221850,76.5725725491
115,16,0.5026089578,2.5837283376
101,2,18.7107324488,6.5935461582
322,92,60.7426725956,2.5537548549
--end of generation dispatch
