--generation dispatch
bus id,unit id,pg(MW),qg(MVar)
43,1,456.4051543960,-29.3101543466
30,1,1323.8664042100,670.6450162128
65,1,1473.7336274791,191.3942475103
118,1,2031.6833631557,1757.1574170064
159,1,731.9663830721,-84.6757947221
144,1,1720.6784443398,548.1898784821
116,1,1063.7855330536,202.6494189150
70,1,682.3370288963,-334.0605316807
138,1,505.0495411739,-268.5190343535
77,1,2142.4828680735,116.8205327229
45,1,809.3631897727,270.4608238159
13,1,807.6400596305,-187.4316376009
149,1,755.0527900977,63.6995505268
11,1,962.0185175321,-150.3343255369
140,1,1525.9253100176,727.7956892924
35,1,2780.6211258480,934.5313894800
103,1,600.0310734408,-242.2308763825
40,1,417.7711912934,-179.9016096842
6,1,778.8317992759,-40.5105293229
148,1,1048.1691595825,-94.0978864659
18,1,311.5272190528,-218.1964797916
15,1,1388.1675486983,95.4262823287
112,1,899.0134093964,16.0047565284
36,1,601.4566898185,477.6567479896
47,1,127.8275626860,-19.4833212483
4,1,742.2550778457,-133.9004543923
9,1,879.7935135066,-384.5438787338
162,1,431.5748268536,143.0312182564
79,1,2784.8997160644,-1519.2794155074
--end of generation dispatch
