--generation dispatch
bus id,unit id,pg(MW),qg(MVar)
215,53,3.2137947912,4.9082946794
323,99,134.5182045395,10.6200159117
313,78,120.9699628045,7.5548136819
216,55,7.5295213337,56.8006124524
301,69,27.9519504830,-31.1273791871
313,80,134.8242455598,1.7482672280
302,72,21.2977630484,-0.2542801164
202,39,19.7962418344,4.4356558583
213,47,72.8106446548,10.9425751964
215,49,8.9489272453,0.5863317195
223,65,10.4071154123,37.0233000853
114,15,0.0000000000,-19.8098853927
113,12,59.2971988705,39.8837931490
222,61,43.4280619638,5.6190648776
315,85,3.3689165284,2.4590408740
116,22,61.4394555660,-11.4874293444
322,95,57.7350228112,9.0588626178
113,13,68.7550679272,6.9706237352
302,73,32.1905462341,-39.8818159123
222,59,37.0288196586,3.0453822310
115,19,0.8132961171,3.3741285109
101,1,19.0477805427,0.6779673491
115,17,4.1061707815,1.5930537228
215,51,4.4099798501,5.2330922843
123,33,50.5616152090,52.5779875679
322,94,39.8745819852,-2.0779911473
102,6,15.3832794947,6.6507322253
121,24,421.6378793019,180.8253047434
322,96,45.5033746078,4.8065563365
215,50,3.3014972350,2.2207135885
218,56,378.9076085520,78.5098575441
307,75,37.7563002105,5.3482218303
202,41,1.8709699547,-32.6492350660
115,21,122.6816290432,12.4309418709
201,36,26.2531947469,-5.9865556997
207,42,55.9981021554,2.6557205208
207,44,50.4014772971,1.2773028872
122,26,41.4020934669,0.8034218030
123,31,33.2635277559,-60.7896334179
201,34,20.4193393713,2.5733131363
301,68,12.3187921272,4.6424520141
201,35,19.0480673225,3.5964631200
113,14,57.5069467223,-2.6493023320
101,4,24.7612671169,8.4515333949
301,70,11.5159220786,-12.6507591167
323,97,110.5664931056,-17.7308184029
215,52,1.5731447362,3.5216080772
107,9,46.4583168833,13.7155261570
213,46,65.0119950102,-20.0651385588
323,98,98.4188402196,3.5237996805
222,58,62.0613319830,3.9829416766
302,71,15.5679352421,-0.6428344702
302,74,16.5174951292,-44.3738567445
314,81,0.0000000000,17.9897285280
122,29,41.4727359582,10.2296591241
222,63,39.3396779180,8.2267242212
223,66,171.9507158273,-19.4691967491
118,23,406.4184030982,74.9759259220
214,48,0.0000000000,43.6502915236
102,5,20.2864203491,7.8493278612
307,76,67.0499767211,1.3334450085
315,83,2.1703694015,5.8539003491
207,43,2.4539628136,22.7107707709
315,84,0.5641748503,2.6658878746
101,2,19.3785827530,3.4661013005
315,82,1.0781120941,2.8772832058
102,8,55.4553633157,-2.0292516442
322,92,45.4729794939,2.5096007781
107,11,21.4928347369,-9.7009649286
202,40,34.5129227051,-0.6288500673
213,45,149.7160489453,29.9207952287
101,3,24.7595190454,-1.7384357768
221,57,349.3390684954,36.3865080941
202,38,21.2930287963,2.2511470269
313,79,106.6987491648,17.3208327799
322,93,58.2510521026,4.1070833585
102,7,55.4553566616,-1.4783899899
223,64,53.2125662048,10.9704200199
122,28,47.9338042080,1.8944329423
301,67,18.6716803770,-2.9638570943
222,60,62.1297786811,-0.9930953922
322,91,39.8271532515,-6.9364712892
201,37,44.8361980493,-20.3653654535
307,77,4.0151226637,14.8447970221
222,62,47.7475204536,2.7180492220
318,89,362.6719085709,72.6134892143
122,30,61.5297024199,-3.5528424688
107,10,57.5535460674,9.7826247077
315,87,109.0908466573,96.8170164893
115,20,0.8984548128,4.3001872592
316,88,71.9734845106,65.3393400228
321,90,339.0705513508,31.2126404988
122,27,46.5557211047,-1.5543727772
122,25,41.1865369012,1.4408412235
115,16,2.0814867434,1.7139174698
315,86,8.1998550698,5.2867598081
115,18,3.2639700619,1.4141544687
215,54,89.4750319967,-15.6305382240
123,32,56.4550601452,-86.9265548593
--end of generation dispatch
