--generation dispatch
bus id,unit id,pg(MW),qg(MVar)
218,56,367.4923102513,42.4084198935
222,61,60.8444875416,6.4113656203
107,11,27.8669483334,19.3121104230
313,79,58.1863195360,7.5344641348
107,10,21.8610264189,-28.1525030751
301,67,10.6668254366,-2.3553877339
116,22,52.6449770350,-65.0079970758
101,3,62.6585929446,-10.0465920338
123,33,113.3831972775,-8.3346190315
101,4,70.3607425340,-7.6368293184
122,27,62.6711079153,4.9954678331
202,39,12.3782916293,3.3215510705
301,70,24.3570112699,-23.8276449239
307,77,53.9760017769,22.1514737694
102,7,89.3433134085,-12.6740890477
122,26,53.4779451392,-0.2712831738
102,5,19.1126115097,3.5128567463
201,37,42.6506670902,-21.7849507260
223,64,101.0634967933,37.6592045107
315,82,1.9363029568,2.2836208928
315,85,1.8812416573,1.8689032179
102,6,15.5984625465,1.8231338416
315,87,55.3629259426,95.9795704858
215,49,4.3307867222,3.1979134260
122,29,39.3379600533,-0.9777609729
307,76,17.7616684784,-11.0914607417
201,36,33.5192810302,-11.2567756488
101,2,20.0602666976,2.8655754801
302,71,14.3956546493,-1.7607761027
213,46,57.4518838689,15.6613578043
222,60,46.3023281663,4.1665356928
214,48,0.0000000000,27.5227462416
113,14,122.8775009844,17.4494279435
223,65,90.3291747658,-24.4445379749
213,47,50.2753331472,17.1167668394
102,8,77.9919739044,7.2937564865
307,75,34.9121173079,15.9080607114
114,15,0.0000000000,17.4066121243
123,31,63.8714907717,-36.3780876943
301,68,14.8414869567,-1.3799237495
101,1,11.8676085864,1.6928996305
115,17,0.0167545681,3.6947319060
223,66,126.8174317125,0.3918816980
202,41,30.5153991046,-26.6943456508
222,62,51.1430591561,7.1722719001
302,72,21.4234446808,-4.1326095764
315,86,2.6417614327,3.7104916359
202,38,21.2449421808,2.4101652808
115,16,8.3334356966,1.8462462484
322,94,44.5910811706,0.7657168405
222,58,61.7605752924,1.1320268031
215,50,0.2328649039,2.2795011983
314,81,0.0000000000,48.9840203538
115,19,0.3604577321,3.6756750623
122,28,60.9508084553,2.4610296799
222,63,53.9242262190,2.9524287352
315,83,5.1241023576,5.3093856818
201,35,12.8015248177,3.9045986213
115,21,30.9589588847,24.9383574032
323,99,267.9061477654,21.2746942217
122,25,44.3100771029,2.4001235901
323,97,93.5549731674,24.3693651707
115,20,3.9011886547,2.5346706169
215,52,7.0295756153,2.4025980862
313,80,5.5864122270,19.4440540243
316,88,77.6745741413,38.1655664573
118,23,511.2335474442,111.8267549802
313,78,25.6120914903,-6.1926417863
113,12,38.9643968010,-22.8232437390
302,73,13.9489033425,-45.6987800829
115,18,1.5724254451,2.4399609623
122,30,42.0841996349,7.6332582064
213,45,22.3445313514,-2.1178595766
322,93,46.4495489492,-0.1640106583
216,55,41.1888958756,41.6307801913
207,43,15.4363094949,27.1025534421
302,74,11.0493321514,-29.3752114557
201,34,11.4929159182,3.9275415889
315,84,3.8802920169,5.4029704870
221,57,283.1654534461,43.4495058272
318,89,364.0746333847,51.1968547684
207,44,47.0062706771,-4.1787543400
107,9,11.6349124051,0.4680328840
322,92,46.2578270307,6.3422323216
113,13,136.2876135275,-11.3107158672
202,40,3.4608255787,-20.1428307622
222,59,44.3234836224,4.3360643233
322,91,64.1311904953,2.3303037999
215,54,35.4708998347,-29.6993844475
301,69,45.2520321099,-21.8402044183
322,95,49.4528539434,1.5874036296
321,90,305.5675096843,38.9917777826
215,51,0.1596544109,2.8622049737
323,98,108.5523960633,46.0063607967
215,53,0.1079002099,2.7793502608
322,96,39.3588767948,0.7976374197
123,32,79.8390163234,-49.4593373545
121,24,484.3935938406,133.6848598397
207,42,53.1740285307,-7.0791228134
--end of generation dispatch
