--generation dispatch
bus id,unit id,pg(MW),qg(MVar)
222,59,51.1068066448,3.0299335276
307,76,38.7780964724,10.4657460361
122,29,50.3095761948,5.1689609305
302,71,20.6172260847,-3.0307053275
316,88,104.0495199973,66.2452645690
301,70,13.8750746300,-43.9280837107
222,60,42.6267670613,5.9683107393
307,75,8.0701049778,10.1564860956
301,68,14.6422250322,3.5537773049
123,32,85.5756755660,2.9030969701
215,54,90.7127294797,56.8996789619
101,2,19.2304826373,-3.2829588666
107,10,23.9999609580,-8.9918069704
115,17,4.1722308041,3.6597928832
322,94,43.6059124425,-6.3228837103
122,25,38.5958264541,-0.4524153299
315,87,98.5137463330,74.8905537258
116,22,76.3638729355,-2.7538378609
301,67,18.0515300979,1.7479391021
122,26,62.5485958910,6.2227473208
313,79,39.0124789451,0.7475950772
322,91,64.0615130409,1.3358806360
121,24,299.6080756557,71.0391694418
315,82,0.9607780937,1.8616840413
314,81,0.0000000000,40.0444691381
322,96,63.5241671309,1.1424276070
214,48,0.0000000000,-69.5970666724
223,66,213.7055132366,44.8810916189
115,21,71.6425937705,69.1361955642
115,16,0.7435737498,4.5048957271
318,89,310.6783623438,40.1314859511
123,31,85.5756617050,-40.7547923732
213,46,144.7033840547,-2.7791510477
221,57,390.1390290443,84.9622076490
201,34,20.1085440667,-1.5048127244
323,98,109.2545317565,32.1469549331
107,11,40.5493088730,25.8421996083
123,33,106.2975523912,32.4600344074
201,37,11.9004413231,-30.7933393168
322,92,35.6486644952,4.8245035614
218,56,464.0002880427,87.2872483570
201,36,12.6517680471,-24.1993792842
313,80,56.2689304096,-2.1136638218
313,78,97.2509225568,6.6280435743
102,6,12.2844510753,0.3218271370
202,38,14.8563284710,3.6909929989
102,8,9.4500295912,-25.0640946942
222,58,49.0330388287,3.5082566344
323,97,109.2545339614,-5.3430961209
115,20,4.9154918987,4.0752731009
102,5,11.3129625927,-1.0405707479
115,18,7.4118142959,1.7410246555
201,35,16.8727279780,-0.2973351657
215,52,2.3151430875,4.2820514284
207,43,57.5007919159,20.1145130847
302,72,15.0655493704,1.2976070901
113,13,62.5577867895,6.2462692684
222,62,58.6768382910,-2.7232750263
118,23,479.4836087518,48.7025628885
207,42,17.1901658166,24.9563631957
315,85,3.0868589107,2.6781506985
302,74,14.2855200568,-31.0031877797
213,45,42.3969075952,26.3054557068
113,14,62.9150833996,-11.8918152057
207,44,9.8999518505,18.2166158032
215,49,0.7721547898,4.7303909183
322,95,55.2086176823,0.9350055795
302,73,35.7624286843,-20.2073154401
122,28,42.1573015262,1.6841712960
115,19,0.9271229226,3.8958872254
202,40,12.0139548956,-35.6957608264
101,3,30.9884957564,-25.3317888407
215,51,8.6727014882,3.4275132878
315,83,3.9954142301,2.3947292379
215,50,2.3415768169,2.9561943927
322,93,44.8090727634,5.2520822469
122,27,47.4844517285,-4.2995857114
223,64,93.4881469813,1.1848097373
122,30,48.9585699915,4.1952990006
101,4,6.3873657192,-16.8785528549
113,12,87.6930701576,-10.4659585382
223,65,93.4881499375,-77.0429046430
202,41,43.1314164859,-27.7269343393
101,1,13.4044560118,-1.5080326785
202,39,17.9165674989,6.4781202897
222,61,52.0094092755,4.0548377034
301,69,14.6247832844,-27.0504152022
321,90,417.6164720952,48.3933202987
114,15,0.0000000000,-13.3005043783
215,53,0.8961893879,5.2322208528
216,55,92.2380392447,55.7094892592
323,99,151.1702160617,22.2911175717
307,77,19.7398290585,0.8533672682
102,7,46.0368135289,-7.3645520477
222,63,61.8674659339,8.6902507157
213,47,51.3893825970,4.1610840027
315,84,1.2786861220,1.8911097079
315,86,3.3295365559,4.8672295144
107,9,12.8379067255,-8.6144203643
--end of generation dispatch
