--generation dispatch
bus id,unit id,pg(MW),qg(MVar)
101,4,51.8641143715,-5.5626522751
202,41,4.9857792207,-19.1879677758
215,53,5.4372032707,2.9987948937
107,10,4.5013700074,4.0080596258
102,6,13.3712768262,7.6230767747
215,51,4.1162179669,1.8746591879
207,42,24.8538198368,19.5601544106
213,45,70.5470364919,14.4112987367
115,18,2.2497300616,1.4756096558
102,5,15.5189007981,-0.4717100790
302,73,6.1506021452,-31.5613735147
123,31,104.6347243121,-57.6563180103
323,98,20.5424189978,-0.7655086198
202,38,13.6549485526,2.7931278688
121,24,312.3946602910,61.0818550192
223,65,22.8263228751,-76.9046791110
214,48,0.0000000000,51.7403289032
101,3,51.8640992966,-31.9762590045
116,22,98.3649123690,-5.1315625610
218,56,289.6013256472,78.9239336367
315,86,7.0759453628,4.1571776617
323,97,27.8039919934,17.5005943673
313,78,33.6687652176,-4.7701829768
113,13,66.6705998312,19.1540483614
113,12,92.6492668774,-27.8023100782
302,72,18.2753580294,-0.2686510771
322,96,47.0320218332,-3.5922736438
321,90,465.2136780794,124.6968184307
201,34,11.9464928387,0.2548457724
115,16,2.5027357559,3.8331744160
216,55,84.5315273174,78.0420997253
115,17,3.3168353388,2.1674109581
215,49,2.3256883930,3.3592869829
114,15,0.0000000000,-49.4129322904
222,60,35.8372883049,-4.9220316944
222,62,41.6706851606,4.8656957196
302,71,19.1915015156,0.5056498676
315,83,6.0134974634,2.5152499092
122,26,37.4652487909,-1.7492764065
302,74,35.6577385032,-34.1073455781
122,28,62.8054523989,-10.5429479961
316,88,83.8670628623,81.0106910268
314,81,0.0000000000,45.7408171728
201,35,9.5992982780,-0.8100967794
207,44,23.5915809566,16.7317474769
115,20,1.5745188205,4.1326260874
301,69,26.5824320288,-37.1779632994
122,29,37.8363402313,-8.7424820463
201,36,57.5821648966,-28.3869150145
213,46,101.7678227468,13.6395682875
115,19,6.2033510980,4.3282261968
313,79,26.5538690114,16.9791085111
222,63,38.8053960043,5.8043555618
113,14,113.7674191159,14.6877113350
215,54,67.2439208675,71.8222089027
301,68,10.7928704953,-1.0156373572
207,43,5.8461323356,-9.1774805644
213,47,115.7658329682,37.6294679388
301,67,22.0088161237,0.2727386268
215,52,3.3104015320,3.2249030219
322,91,55.0334042446,5.1089048326
118,23,458.2113490690,147.6035254895
307,76,8.1759777057,28.8295732142
318,89,449.7588205316,135.7706703256
322,92,58.5728523597,-4.5813433547
307,75,76.1232912098,-2.4025375571
101,1,17.0358861974,-0.3096511975
107,9,57.1008157805,9.2688805134
315,82,10.3737975206,2.6602564886
222,58,44.9567644640,0.5760346575
322,95,51.1814121991,5.7560149628
202,39,12.8971130663,5.4754410015
322,94,50.9077954265,-5.6730056861
122,25,47.2398298661,-1.0284370332
307,77,2.4084278560,-14.0180027027
201,37,17.5228035587,-40.5859664585
323,99,169.7181005250,-0.7949551287
122,27,44.1535823218,-0.4848149321
107,11,20.0203519648,0.6932855091
315,87,9.1892168446,98.1661265094
223,66,131.8378280540,76.7422712484
315,84,0.2840735063,3.9493877137
123,32,99.2168909698,-12.6884801120
222,61,59.5355506676,3.2041315265
115,21,52.5801089434,32.6723489403
101,2,16.7765232170,-0.2242320448
122,30,60.1560576338,-2.9868531996
215,50,7.4466336536,3.6518033356
222,59,45.8081651565,5.1543726446
313,80,100.9422119699,-16.4969177247
301,70,45.5040016159,-6.5154167993
123,33,152.4966659830,-15.3742309908
102,8,77.9192607358,-14.8539793233
315,85,1.3017184013,2.4447090596
221,57,507.5986633990,44.0596984501
202,40,17.1940828056,-11.6307952930
102,7,77.9192580722,-20.1584446759
223,64,80.8084402177,-41.6514864538
322,93,51.5640914809,-5.9234621607
--end of generation dispatch
