--generation dispatch
bus id,unit id,pg(MW),qg(MVar)
123,31,75.8807101176,-38.7824515929
101,4,2.2591516926,-16.8524496090
302,71,20.6172260847,-3.0289569667
113,12,87.6930701576,-11.5782690724
202,39,17.9165674989,6.5147928119
321,90,417.4868829922,54.6204897027
301,70,15.4232459807,-43.9632772183
115,18,7.4118142959,1.6317081100
215,49,0.7721547898,4.2534644254
115,21,46.8840107160,39.9680540697
323,98,125.1864371120,29.3350070826
101,3,30.9884957564,-25.3056294429
102,8,9.4500295912,-25.0553492799
215,53,0.8961893879,4.6666905090
315,85,3.0868589107,3.1914750485
322,96,63.5079684941,0.7854663388
123,33,86.4857764361,34.3824722749
302,73,35.7624286843,-20.2058074454
107,11,40.5493088730,25.4413788662
222,61,51.9932106387,4.0042851856
101,1,13.4044560118,-1.4822521857
213,45,42.3969075952,26.3477771179
215,50,2.3415768169,2.4161730497
122,29,50.2933775579,5.6754729278
223,64,92.9120482386,-0.6900947099
301,67,18.0515300979,1.7119622221
301,68,14.6422250322,3.5175018932
222,59,51.0906080080,2.9463306492
213,46,144.7033840547,-2.7457851658
115,20,4.9154918987,3.9964416892
322,95,55.1924190455,0.4736646264
322,93,44.7928741266,4.9868400094
315,83,3.9954142301,2.8952175689
122,28,42.1411028892,2.3487591372
313,78,97.2509225568,5.0555744698
302,74,15.8382130897,-31.0016372214
107,9,12.8379067255,-9.0186140947
102,7,46.0368135289,-7.3558093159
115,16,0.7435737498,4.4381680193
122,25,38.5796278172,0.0212149280
318,89,310.5487732406,34.9226019116
302,72,15.0655493704,1.2996833255
313,80,56.2689304096,-3.6431019922
118,23,479.3540196482,78.2385511863
121,24,299.4784865520,136.0973253682
222,63,61.8512672971,8.6530453032
113,14,62.9150833996,-13.0034682324
122,26,62.5323972541,6.7484324104
322,91,64.0453144041,0.8701821460
207,43,57.5007919159,20.1447886927
222,60,42.6105684245,5.8897544030
201,37,10.9952369398,-30.7991375512
222,62,58.6606396542,-2.7995771231
213,47,51.3893825970,4.2191551386
222,58,49.0168401918,3.4319299277
202,41,43.1314164859,-27.6958055137
201,36,12.6517693985,-24.2051765823
113,13,62.5577867895,5.1353329139
201,35,16.8727279780,-0.3032250988
215,54,85.4528335217,51.9522857082
215,52,2.3151430875,3.7645368385
202,38,14.8563284710,3.7398478695
314,81,0.0000000000,47.0092058135
107,10,23.9999609580,-9.3973606690
214,48,0.0000000000,-71.8915198345
207,42,17.1901658166,24.9870704228
307,75,8.0701049778,10.2172745860
116,22,69.8648795369,-37.5738761496
315,87,107.9511608372,73.6881309809
223,65,92.9120503206,-78.9517543470
307,77,19.7398290585,0.9083710613
223,66,213.7055132366,42.9753660090
322,94,43.5897138057,-6.8279692836
114,15,0.0000000000,6.4717062169
313,79,39.0124789451,-0.8637724271
101,2,19.2304826373,-3.2572069090
316,88,114.3159995608,75.5949864488
115,17,4.1722308041,3.5611122872
323,99,181.3619890417,16.5688785086
301,69,15.4232543584,-27.0856584902
201,34,20.1085440667,-1.5106622533
102,5,11.3129625927,-1.0317611906
315,82,0.9607780937,2.3810537783
322,92,35.6324658584,4.5643122315
315,84,1.2786861220,2.4399194380
202,40,11.1683735902,-35.6673235504
315,86,3.3295365559,5.1520983343
122,27,47.4682530916,-3.4808362557
102,6,12.2844510753,0.3309158138
122,30,48.9423713546,4.8857568409
218,56,463.8706989395,84.6505810045
307,76,38.7780964724,10.5014135861
323,97,125.1864484004,-8.4405257666
216,55,87.8855260328,69.2781038176
123,32,82.0499971042,4.3924936641
207,44,9.8999518505,18.2464763066
115,19,0.9271229226,3.8678282903
221,57,390.0094399411,82.9670414771
215,51,8.6727014882,2.8214441863
--end of generation dispatch
