--generation dispatch
bus id,unit id,pg(MW),qg(MVar)
323,97,96.7081307532,-17.8373223890
207,43,38.9808311081,7.1038770503
202,39,15.5861651047,5.8432411506
118,23,308.3627282219,187.7415892841
102,8,83.4002369174,-25.2585000949
121,24,286.7527788216,47.2973290636
301,67,20.5524258692,2.4475777886
323,98,96.7081337804,-2.0227027118
315,87,90.7482374073,72.9699617008
222,60,63.3013626311,2.9279844252
215,53,5.0084026382,-1.6892065303
322,95,37.5215198904,7.2304274698
318,89,515.8986253919,99.9478107492
123,32,100.7026580750,-66.9794713357
202,40,12.5447443658,-30.2482289527
213,46,24.6766337831,-12.3761185407
313,79,52.8324732899,-14.4457741934
223,66,127.9886261138,35.2822399388
222,61,57.5854697760,3.3971503002
302,74,10.5030257480,-27.1391000436
223,64,97.0218288931,8.1660971012
302,71,18.8554346031,-0.9341108949
115,21,81.9978612285,69.2985127498
322,96,51.2347486675,-0.5313774689
115,18,4.0430304964,1.4536387161
207,42,31.4578518202,24.0075031483
102,7,83.4002370490,-13.2886359497
113,12,76.8486033750,5.4421437958
313,80,99.1817120773,19.7806325100
315,85,7.0089039117,2.8520032493
301,70,56.3516866499,-22.1018693798
302,72,10.9476795890,2.8347830962
315,84,10.5301092587,2.3948456752
115,17,0.8787959035,3.3296924923
301,68,11.2154793842,0.7606661992
323,99,258.5541994884,30.5962417676
221,57,332.6017974001,37.1267794118
322,94,44.0313734360,0.8426226741
115,16,2.9627193702,1.9217856007
122,27,55.2509962747,-2.8984335684
214,48,0.0000000000,49.9692578748
215,49,4.9747223408,0.4077203038
216,55,88.7562620174,42.5608119551
116,22,94.9916136479,-18.4745465127
322,91,42.2980926082,1.6240934368
122,29,60.7433488363,-3.2249662479
123,33,54.3086081035,-33.3411167052
213,45,48.6295703054,30.8119152195
113,13,93.3568263313,-4.4665395293
315,83,10.5335086570,2.0046139584
222,58,42.5405787194,6.2188018824
122,30,38.4084757444,-2.1890511522
107,11,45.1676731440,20.7603732862
302,73,19.3131974374,-6.4032360151
307,76,36.6124259843,15.7227206134
202,41,12.5448140372,-16.0009769446
114,15,0.0000000000,-14.0568256145
322,93,47.5088972518,4.1902261993
314,81,0.0000000000,5.2575300420
101,2,18.4236386894,-2.6561501894
201,35,13.1567988381,1.2449864439
315,86,3.4825578987,4.2878157302
301,69,9.9638927987,-40.3836881663
222,62,50.1224681323,2.2140207999
202,38,12.4318719471,0.4021611232
218,56,281.1296261537,85.5462244274
101,4,69.3492873954,-43.3365946641
215,50,3.7596583145,-2.8708191675
222,63,56.5004257678,8.3290359807
122,25,47.9804745389,-10.7146268345
316,88,90.2236907870,51.8027628460
201,36,12.2618200489,-13.2559046332
215,54,89.1645435557,-31.8657444595
122,28,45.9981778034,-11.3829366403
307,77,30.5044998182,20.0571700403
107,9,71.6364829603,-15.7781745825
215,51,6.2308610616,1.3167088925
123,31,50.4699216177,-15.3242832147
223,65,97.0218308721,-28.6586986705
115,19,4.6365161604,2.7930188258
102,5,10.5560686342,0.0996335372
115,20,2.1449366547,2.5181133514
315,82,5.9201663795,2.8605730036
122,26,41.9428952344,-5.8565147574
201,34,11.8810953533,3.8643846058
321,90,329.2569527854,73.9395683807
322,92,53.5592762743,-2.0539938655
222,59,51.3920869080,7.1132307301
207,44,39.1226428095,15.7766858703
107,10,42.3684569972,-1.9490233460
101,3,69.3492874665,-4.2205331290
113,14,0.2501685456,7.3844627033
213,47,117.7555023074,2.5640135546
313,78,20.9059240784,24.0578979105
102,6,14.4077745925,1.2708507178
101,1,14.8034271768,0.2527967441
215,52,4.0120442371,-0.8524637467
201,37,38.4242216950,-11.7697332932
307,75,21.4708794584,18.1405096244
--end of generation dispatch
