--generation dispatch
bus id,unit id,pg(MW),qg(MVar)
315,84,3.5204407389,2.5531210419
318,89,432.8608209707,71.2613424138
121,24,510.3268910448,114.7065293943
313,78,40.5403363887,16.9541969700
322,92,37.4633060046,4.8508865001
107,11,21.4456698880,7.4992749122
307,76,46.9381857041,0.1395218217
322,94,45.8372718491,-0.5026106221
323,97,98.4644683350,-22.3416609491
113,14,60.3337220881,-3.2675470415
302,72,14.0936150186,-1.4125522036
313,80,82.7008697448,41.4016859350
314,81,0.0000000000,-20.0259159324
322,95,58.0021055415,3.0795585788
321,90,310.7175390490,72.4423599492
113,12,27.8578670533,21.3697895758
215,54,87.3181542936,65.0423149209
115,17,3.5445861109,3.8248019489
114,15,0.0000000000,34.0683020706
223,66,125.4168584730,-22.8539391652
122,26,36.5852356328,1.9997438395
215,51,5.6857614903,3.0450127770
218,56,332.6088953084,65.9516628908
201,37,15.5746006381,-25.4402446990
221,57,480.4210603301,40.5357318993
113,13,81.9124176974,21.6947669309
207,44,59.5863187460,18.3630125915
301,67,10.8566357223,-5.5668108198
301,69,21.9495983865,-26.7171158184
213,46,11.4754806004,16.6927223433
115,16,3.2156841253,3.1288526207
323,99,182.7442710723,8.3801961342
122,27,36.5418243803,-4.1380554807
115,21,51.0784732036,16.1307453263
202,38,19.1509499868,3.6196149508
222,62,38.1637846841,4.4949011713
122,28,51.9849682947,1.7839834767
123,33,139.4796639450,37.3645111062
201,36,16.8728012704,-20.8190182896
201,35,13.3853161277,-0.0434832367
207,42,76.7046028397,-4.6109504395
302,74,36.1061271481,-38.1693161496
315,83,1.7681091061,2.0842765164
116,22,96.8701914678,-6.5600072398
101,2,16.1285460998,2.7850952787
107,9,1.4216325719,8.4563696302
102,5,13.1196702230,0.6678279686
118,23,483.8234234104,71.1859892872
101,1,11.8307073020,0.3447015993
101,4,35.8320023667,-32.3017748602
222,58,45.0787102686,4.9409857984
315,86,4.4317404580,4.1146328475
115,19,0.1919544842,2.2240620895
213,45,132.9076369617,1.9304278120
107,10,11.6033464293,-0.5914742317
207,43,48.6564184069,-2.1255103076
313,79,22.3644912407,13.3886336028
216,55,67.7869202082,34.8180199095
215,50,2.0875600013,1.1828101437
215,52,0.9581936913,2.7540312783
315,87,86.1076412301,46.4805451635
213,47,3.4684464044,-11.5203315683
302,71,18.7088034945,0.1091048741
222,63,47.5687053892,-1.9002749357
115,20,2.3166070453,1.8653584206
316,88,85.6770528921,58.3625714028
101,3,35.8320024017,-33.0488791635
115,18,4.5524579757,0.8767268422
222,60,48.0874975514,4.8471535159
307,75,11.3091344789,-3.8620895215
102,7,55.7769791206,-36.5619324748
302,73,21.8472561296,-15.5972941491
123,31,26.4579595413,-15.4419706825
122,25,64.1841452568,3.9967771665
202,40,9.4236654413,-9.8357714970
307,77,26.4399004144,14.7273456080
122,29,45.2746675907,-4.7225654583
202,39,16.4630243483,0.3842149977
202,41,18.2191153961,-39.4035862108
223,64,69.9254930565,-47.8145914808
222,59,48.4698830893,-0.5908894259
122,30,49.5713444519,-2.4018315423
301,68,15.5308435735,-3.2366307253
323,98,83.9314126093,46.7019244511
123,32,39.9081845040,-9.6125481527
322,91,59.6525720134,5.2152721284
315,82,1.8344391014,2.5548715995
215,49,7.1655966524,4.0097894518
201,34,20.8825321652,-4.5068845859
301,70,9.8673922261,-31.2182728899
222,61,44.8892724048,-0.8721014121
214,48,0.0000000000,70.7223899293
315,85,0.8084718841,3.3837401068
215,53,3.4547225884,3.0155935197
223,65,71.5432580296,4.3122999306
102,8,55.7769788747,-28.5111281877
322,96,53.8922056811,-0.6668654800
102,6,16.9223262080,3.3392820464
322,93,49.8152102739,4.7678400687
--end of generation dispatch
