--generation dispatch
bus id,unit id,pg(MW),qg(MVar)
322,94,56.9895444929,1.9330666882
223,65,95.7844273686,-44.4600057554
101,2,13.0639245518,-3.7940669460
122,30,59.2080789740,7.5406667409
123,33,130.7921061784,-13.8173743406
201,36,46.5221997563,-26.1111623058
115,21,105.8974160333,65.5611481032
215,50,4.4857447721,5.3529192583
115,17,2.9795913554,2.5618068073
307,77,26.0706605850,-2.3226999820
314,81,0.0000000000,46.8100749602
115,16,4.4624592966,2.0844154537
202,39,11.3218052061,2.9270830726
216,55,108.0942559792,73.9469176836
313,80,89.9902103380,-32.0621724868
122,25,39.5994351646,-2.0774081103
107,9,63.4497052315,4.7977582740
213,45,108.3961438237,6.5295996269
307,76,33.2098426344,-4.3887481289
115,19,4.1412617970,1.2266691073
115,20,2.9616453449,0.6069867013
213,46,162.1113446114,41.1108957655
122,27,35.0409670132,1.2676885263
207,44,19.5909189363,7.5834894697
222,58,43.9751436846,5.3209954336
315,85,7.4559525022,6.0186624982
207,43,20.2927726670,11.3541489573
122,29,38.4667286235,6.0380559158
323,99,229.0966680194,58.4742095536
101,3,47.5930631443,-4.0387929441
102,7,54.5458753357,-38.3453396765
215,52,5.3368117682,1.8368972024
107,11,5.6484033573,16.9761173395
201,37,20.2827031840,-10.6471016270
222,62,46.7574815946,4.1661480742
313,78,86.3725831680,-5.9711261758
207,42,14.9126455851,2.8751298346
302,72,10.8492609123,1.4697416096
302,74,8.8719248375,-28.5805774134
315,84,1.0896677406,3.4339100715
101,4,47.5930625736,-39.1824033297
218,56,285.1156498448,16.6670746331
215,54,107.7390035505,26.3832655598
315,83,8.7280846983,3.8012084405
316,88,61.8813872896,48.4242949284
118,23,374.0898339215,92.9647637510
201,34,13.2629163647,-4.0651118466
322,92,47.6031967510,3.8018900426
222,59,39.4465164426,1.0504604792
201,35,13.1972517262,-0.2870655212
322,93,63.8228245850,6.1247723090
202,38,9.8915271430,2.6607923398
215,51,5.7888455442,3.5421728173
116,22,105.0759311079,-27.2316473653
113,13,13.9025031286,3.6009590561
223,64,95.7844283859,-21.6037825932
102,5,18.1949453590,-1.1294916690
122,28,46.0556642553,-4.1909378168
222,61,63.0986846523,0.5086650579
301,69,15.1515723909,-21.7553232350
114,15,0.0000000000,33.1120807136
202,40,49.9913351040,-34.3079797290
121,24,285.4301588564,22.7266410999
123,31,98.5008219339,-13.2557803078
301,70,27.9556468237,-15.7263495974
313,79,115.2186408032,-6.7084042281
102,8,54.5458735577,-14.5351231117
122,26,41.5499221166,-3.2849887504
307,75,23.9682229620,18.8449854249
301,67,11.3908237607,1.8229719989
302,71,21.8507645651,-0.2035229809
301,68,16.7398564216,-3.6658640670
113,12,67.2966942642,-30.1831797215
223,66,125.6436892841,86.5176697431
322,96,57.7350337689,-1.8177641219
214,48,0.0000000000,-23.0700003577
323,98,83.2647765026,-45.8773173667
215,53,2.1769532366,3.7963253385
202,41,12.5371749001,-34.6045628849
323,97,85.1986977750,-5.3811181116
213,47,15.9060425675,11.9164183784
315,87,60.6610122056,81.2953091627
102,6,19.6849033764,-4.7304766226
302,73,21.1371858499,-0.0514263245
222,60,45.5899195937,0.1689961123
107,10,65.5976014119,4.1655968711
222,63,58.7300035689,-0.1242264722
215,49,5.7422258004,1.1871323983
101,1,21.3105502124,2.7984074013
221,57,358.1619358388,77.8877815517
321,90,446.5942279183,55.5775236028
318,89,439.0619012650,97.2957266867
123,32,98.5008236632,-48.5632073121
322,95,58.7238532353,6.3925336684
115,18,6.8461370765,3.8424599501
315,86,1.3301607770,5.2627031886
322,91,45.7072744311,6.5563767493
113,14,15.0037693226,18.2825311876
315,82,1.3970931046,4.9033144566
--end of generation dispatch
