--generation dispatch
bus id,unit id,pg(MW),qg(MVar)
215,54,92.7904218748,-0.2516388356
322,93,38.7215614639,-0.1062577601
121,24,518.8395097941,107.5158392673
122,25,55.7709983855,12.9778596883
202,41,28.7530458216,-16.3640161582
318,89,384.8212408321,36.2147081056
115,20,1.8397722223,2.4710166564
322,96,59.5293950796,3.9119022243
102,6,21.8681221479,7.8295079794
314,81,0.0000000000,95.1432128466
302,72,15.9229413477,1.5123122489
207,44,49.5373320166,21.1320087356
101,4,58.6181281307,0.4751564773
315,84,1.6142681138,4.0421996188
116,22,149.7479672501,6.6289903755
123,32,53.1225464859,48.3021424221
223,65,86.7295531327,-14.4525159792
122,27,54.1956040871,17.0302480250
322,92,43.0078557244,4.4925724909
218,56,331.5969929812,103.0857720864
307,77,23.2633003074,13.2285377031
315,85,3.8264836373,2.3803914705
302,73,20.2135930682,-27.7823563541
323,97,106.6384200425,3.4950839846
207,43,52.3613955365,17.2297850200
201,35,10.1036456339,2.4562012666
307,76,14.6341497957,3.4590972932
223,66,44.7264519998,63.3086132065
216,55,77.8753532120,-21.6229479695
115,16,3.0320122475,5.1916302628
115,18,6.2310589050,4.3116097508
302,71,12.8776286167,0.8719139980
107,10,4.4914789654,25.0948003676
313,80,94.9498866016,6.7764045116
107,11,51.0749032528,4.5736384760
201,37,38.6141317152,-14.9900448391
115,17,8.2093403353,1.1206231865
215,49,3.0506302804,3.1034835098
302,74,16.1555761665,-17.7905209784
213,47,9.5071643306,39.1185836520
222,59,51.0750440864,3.1829090852
301,68,20.9201218844,-0.0422448498
201,36,32.1853306664,-31.0473554960
315,83,1.7824203011,3.0083279571
113,14,137.8239784852,4.3257653139
113,12,59.0474263752,-9.7033556108
118,23,435.7576095018,70.0923817486
202,39,10.7549649399,-1.9221266954
307,75,38.6139228258,10.1929782068
115,19,1.5612017592,5.1844274456
215,50,5.3895048675,3.9289130838
301,67,8.9515711935,-0.0026230404
114,15,0.0000000000,33.7152970247
322,95,35.0385477202,6.6954816876
323,99,146.2125427906,83.2548046234
101,3,58.6181276410,0.7671186487
301,70,15.5660993625,-17.9031518287
321,90,460.8116981991,121.8701604047
115,21,83.6281562974,-27.8390065049
213,46,95.0052067915,-12.5454706919
102,5,21.8681221555,5.3090577706
223,64,72.2238352987,14.4178088454
213,45,154.8435255013,37.6394345706
123,33,35.1298515491,58.3515265179
222,63,43.1270528614,4.0788635261
122,26,39.7170702510,11.7334191461
202,40,28.8681660468,-13.7894517309
101,2,11.1813413232,3.7814591879
301,69,15.5660561298,-24.1427280595
101,1,20.1632517587,6.3780469048
113,13,37.5299815297,0.0367482613
207,42,0.1717150915,-24.6887808257
222,58,42.6737691003,7.7246296544
315,87,75.6520454561,63.4768575214
215,53,0.8258821024,1.8445426872
202,38,17.9082256996,-2.3470002132
316,88,84.6839089246,72.3446468019
315,86,2.2108213258,3.0471801352
102,7,80.6506746147,1.1729111940
315,82,4.2098375574,2.6967229330
214,48,0.0000000000,66.6704435588
323,98,106.6384181650,-23.0150563740
322,94,63.2521351887,0.9963004146
221,57,485.9741328979,22.8626025398
313,78,31.6339423894,-33.9433634665
222,62,48.9619358007,4.2564852163
122,29,42.7833304836,12.5047680824
313,79,55.2088209603,33.2196707605
102,8,63.8660722564,-20.1243576136
322,91,56.2658618315,1.7658717485
215,52,0.8843423727,4.7736042937
222,61,44.6309916868,1.3824217611
222,60,37.2643263644,1.1729309752
215,51,0.9064811496,2.2464647157
123,31,15.6047659456,34.7394513993
201,34,12.5512252580,4.0586021158
122,28,45.5732167165,14.2590259443
122,30,55.1738310072,14.0122377559
107,9,20.5682111467,8.6287571238
--end of generation dispatch
