--generation dispatch
bus id,unit id,pg(MW),qg(MVar)
218,56,440.1852141667,89.6387135756
315,84,3.1635070211,4.0977796539
313,78,48.1521357179,-4.5273747898
107,11,27.8782467893,11.1086909016
314,81,0.0000000000,71.9265818881
115,16,3.4769735355,4.1710972683
301,68,21.5171688627,-2.9552328121
107,10,15.3584206104,20.7839371530
202,41,24.8447423381,-10.0120631629
201,35,19.9356112972,4.1395990803
113,13,86.7392955090,9.8343762580
223,65,22.5545731320,42.5823331834
222,61,53.0051017788,3.9614461380
215,51,0.1283493889,3.9074974032
116,22,35.9271955213,-21.9559996866
214,48,0.0000000000,78.4432232630
101,3,48.8367364061,-2.0238589516
322,91,40.0090256787,4.3854881210
207,43,43.4500772529,-17.0823813095
215,53,7.3715073118,1.8069055982
323,99,17.4488134393,58.7539062404
223,64,49.7617048091,-19.5836549809
315,82,1.4227164881,4.2280993424
122,27,60.1794512989,6.8725309663
216,55,70.0367150572,37.7213432257
121,24,421.0765101696,130.8934324006
122,25,55.6786681456,-1.1165136625
222,63,40.0054233082,1.5471453116
215,52,5.1706991880,4.4228812596
321,90,390.5826284667,147.6077677087
207,42,9.8276687204,33.5892405433
302,71,14.0562705254,1.1429031295
318,89,369.3027826754,83.8685581312
207,44,51.1116619234,16.4557860567
213,45,128.1933570169,-14.6422911209
115,21,79.2451862189,45.5508336211
302,73,6.0414248327,-7.4317747398
122,26,53.7457431108,1.8255158056
315,86,5.4806766360,1.8868807565
301,70,33.6251400555,-14.5137055241
315,83,2.8678739341,4.1732215928
322,96,38.3290610962,5.2915834852
114,15,0.0000000000,22.3188582579
213,46,27.4394153336,19.1980171810
313,80,84.3891083347,34.9463279496
123,32,40.9085211758,-17.1533896772
313,79,59.1370724665,-18.2832007329
315,85,0.5635411784,3.8670008286
118,23,396.5408246129,26.3027538995
222,58,46.5907328276,3.3066151985
215,50,7.4448362334,2.3470728823
322,95,58.1003755947,1.4474625377
221,57,404.7287328797,56.5600090323
123,31,61.9929496329,-91.0020137918
202,38,13.6537787967,3.7923364347
322,94,61.5063213032,9.7233783298
115,19,3.0431699359,4.1533892408
122,28,42.8834668175,3.1690922204
202,39,18.1186281659,-1.0768179619
115,17,6.6338373287,2.6325723538
323,98,56.3779283186,53.2295664638
102,6,20.0251408291,6.9997351524
215,54,55.0811196569,-20.3674219493
223,66,183.1784216408,-9.1248347328
222,59,49.6418972596,3.7819213497
102,8,57.1059479665,-2.9127294379
101,4,39.0216224711,-11.4859382142
113,14,48.2685951210,18.2764131331
302,72,20.5785434548,-3.9069135210
201,36,17.8973725780,-13.8819585880
101,2,14.8249312241,3.8468682655
307,76,2.9024445952,9.0898977859
107,9,6.3511219480,-5.9671150290
102,7,57.1059466633,-1.1423588828
122,30,46.0486749211,5.0355418839
202,40,16.5945645892,-30.2010687883
307,75,12.2161514978,25.7227076704
301,69,5.1566176344,-22.9716007915
213,47,55.1782158490,-11.7657118904
122,29,42.2448896524,1.0733220823
302,74,39.0376431716,-29.6644068858
102,5,19.9455795430,4.6899489574
101,1,15.8405336714,6.1793564602
322,92,35.6066982948,1.4321105511
222,60,50.1981740541,4.9937142438
322,93,55.5483116500,-1.2864269402
115,20,3.9576845736,4.9450354027
123,33,73.9440000523,-83.8220978353
222,62,56.2369820339,8.0090090388
315,87,60.3397716422,58.5634782080
115,18,7.6898807958,1.7323893822
307,77,38.8777313032,-4.4536271682
201,34,13.7206685997,0.0764307544
316,88,18.3760784508,5.5283263953
201,37,16.2689563641,-11.8891833983
215,49,1.5609705601,3.5484521768
301,67,12.5545643484,-1.1237002805
113,12,109.9070134198,-11.4319301608
323,97,87.9051156139,23.4897256300
--end of generation dispatch
