--generation dispatch
bus id,unit id,pg(MW),qg(MVar)
201,34,14.3765189746,1.5813275937
115,18,0.7046309090,3.8241358598
207,43,15.6489617799,11.8333814388
315,87,60.6306020247,68.0064346492
201,36,16.7256298068,-21.7332406164
118,23,426.0924384158,67.2899502571
313,78,73.4670025713,23.8863725138
322,93,40.4148389999,10.9408516268
315,82,5.4520081758,2.5517785011
102,7,59.7949975490,-31.3204891871
222,60,57.7291405443,4.5209337052
314,81,0.0000000000,-4.7708127021
115,21,32.0418821943,71.9094196758
322,96,45.9916052194,0.1374030457
322,91,52.7463927208,2.0918383551
215,50,2.5227123479,1.9465575330
315,84,2.4448927854,5.5440017066
102,5,8.8451615743,-0.0647932011
215,53,1.3081979508,2.1060519969
302,74,25.2453804196,-33.4709473439
122,28,36.6028582619,-1.7562677635
307,75,14.3016307476,7.2673650880
102,8,49.9642570610,-38.6563895657
218,56,482.7099090954,80.6978187132
107,11,15.5435865501,-4.7928683092
116,22,65.5740605235,-23.5482014335
302,71,15.2727407620,-2.3088983374
302,72,22.2979308710,-1.8354360691
123,33,73.7055710695,-20.0273158369
202,40,49.8332061955,-31.8320848841
122,25,39.7651437216,-0.3432034719
107,9,33.4551205626,10.5777179103
223,65,44.7907521982,-27.6264044185
322,95,46.7461203802,0.1206202650
114,15,0.0000000000,-31.8650147348
123,31,31.4084568599,-11.8088904013
315,83,2.7311022640,4.7351707392
201,35,14.7994168607,2.9410698977
316,88,64.7319510625,67.8831042590
213,46,126.8124998403,15.7155808292
215,52,3.3306819861,2.6801156863
322,92,57.2568041034,-0.9044572758
323,99,79.6240747314,6.6670400122
102,6,10.0615630264,-2.1260265868
223,64,44.7907477651,-31.4672124801
115,17,3.9552632473,1.8730441414
315,86,2.2172070318,2.8244981716
101,2,17.7520827457,1.6577892591
315,85,6.5947659690,5.7012938765
222,63,42.9458366786,4.2004462653
301,68,13.8075232743,4.7332029392
213,45,50.9909632781,25.3129096403
222,59,51.8537683049,0.9585886649
301,69,34.8051772934,-35.4612729377
121,24,410.9100679283,86.7092109341
323,97,71.5003146066,10.7108345144
215,49,7.0575864342,4.6662113038
202,41,51.9579819449,-26.4620509107
123,32,93.9912865117,4.7382574341
202,39,17.9172462758,1.8085894670
215,51,3.3895369877,4.7506828270
214,48,0.0000000000,-41.5805885179
221,57,326.4681313902,39.2869321238
322,94,40.1459903917,-1.9219796495
122,30,46.2709913741,-2.7016697315
313,80,51.9214797461,-6.1866907245
301,67,15.2126780719,-1.4990493837
215,54,88.1664466795,46.3330292315
301,70,17.7572075553,-36.1012940371
115,20,4.8646823489,3.8560229247
101,3,38.7995176519,-11.9217113587
222,61,63.3932705372,6.4109876855
115,19,2.6431274079,3.3565097152
307,77,41.9484510716,9.2453454074
222,58,57.3768996270,5.7672329554
321,90,306.8812881054,52.5918843165
113,14,134.8994596864,-30.6670914927
216,55,74.9861830507,60.3908466249
122,27,55.0143233489,0.9676289654
122,29,59.7864448850,2.4576727687
318,89,494.0121758541,62.1872444318
202,38,12.2078512184,1.5930399159
223,66,137.7572046671,-35.2300923603
113,12,33.3313411756,27.6610870363
122,26,58.7623930455,4.2560669604
323,98,119.4735016059,-19.0033572341
207,44,55.2467395471,6.2678790511
313,79,33.4735036919,22.1880027620
101,4,38.7995119438,-29.8320491815
113,13,109.5763470398,3.6897208184
201,37,31.7641457271,-4.1197041699
115,16,3.0328440951,2.0095973071
107,10,44.1406128300,-0.1395911912
307,76,13.3069572936,11.8711305580
207,42,23.7997057069,-0.2144632157
222,62,49.2352783083,1.0078469978
101,1,18.4852628737,2.7956536688
302,73,34.1433480797,-32.7520606664
213,47,53.3730887237,14.7381081981
--end of generation dispatch
