--generation dispatch
bus id,unit id,pg(MW),qg(MVar)
207,43,51.4904529323,34.0001241638
207,42,59.7600233358,-8.0836494209
121,24,436.6993060076,69.9838859296
101,1,14.6626960702,-0.6076944472
115,18,5.6830054170,1.9985464667
318,89,317.1455736222,107.3443485130
215,49,9.0617619007,3.2735097954
301,69,7.9137601835,-4.4209098689
201,36,8.0019611993,-11.4631150379
315,86,2.5636860533,4.2134849406
102,8,93.7072843716,-17.0140184829
113,14,84.8919315063,-16.8165923461
313,80,46.8932422027,-0.4646516244
215,52,1.7182964340,5.1988137828
307,76,37.1797172261,17.9765726707
222,58,43.5345031794,1.2458189948
107,9,68.5396280246,-8.1456480314
123,33,115.6231219856,31.3232608441
201,37,8.0908827536,-17.3871613089
315,84,0.8574397091,2.7339562380
215,53,6.7152338391,3.4026561454
223,65,60.8860207264,-28.4345105432
322,91,44.6600950704,4.6970330469
113,13,71.3906144525,-6.6845980521
201,35,20.2093369345,-1.5293625117
123,31,60.1422172899,7.0788969458
114,15,0.0000000000,47.0170708785
223,66,59.5094614661,-0.4803756303
207,44,25.3662049248,-12.9900781461
315,83,1.2233281933,1.9556718457
102,7,84.2283188284,-30.5939350271
315,85,1.1714379759,4.5045753978
315,87,79.9228272492,56.5185666388
115,20,2.5609356994,1.2516516926
322,96,53.3370057572,2.6675251612
122,26,59.4267838453,15.1628361013
315,82,2.7725428890,5.2031621936
122,29,58.9374759426,14.3554208375
223,64,83.4184318582,-3.5901399050
301,68,21.3380463731,0.6720249474
122,28,61.9939731998,9.5064336921
115,17,2.9312074546,4.0178262504
202,38,14.4132087940,-0.7222774342
322,94,52.7583533394,-2.4321596733
201,34,8.9682757767,3.0888058016
107,11,28.6597030751,-27.9334606106
222,59,58.9621851018,3.6965492757
313,78,5.4162898989,-20.5082164596
213,46,42.2475122484,11.2663186346
101,2,17.5355822691,1.9655700944
122,25,64.2381892940,9.2440964223
218,56,400.9592058820,84.8763081660
322,95,64.7395355589,5.9552169138
122,30,49.8823232418,9.7822852052
222,62,37.9932881666,4.3562407262
302,71,10.5411215169,1.3512718132
323,99,98.0974393970,29.0464522122
302,73,8.7322722180,-10.3946454803
307,77,12.4631970983,28.1881417902
301,70,53.4892931448,-6.5528053569
302,74,33.8262560851,-42.8673140623
215,54,60.9435432369,92.5596449483
115,19,2.2106986753,3.3555533509
101,4,71.5410329081,-12.4348927833
222,61,48.5631790275,3.4796163298
222,63,53.1739098330,4.6056425634
213,45,79.7117921327,24.3751234893
107,10,20.0012242982,23.5183064781
215,50,5.4563009910,4.8415982074
122,27,50.6380780232,12.6845257884
302,72,19.3356359131,0.2290484050
314,81,0.0000000000,53.7592353325
213,47,98.0776968203,7.0380845494
323,97,81.2485319647,2.2437864455
323,98,81.2485393142,7.1278768269
115,21,44.2519888766,17.0867000084
214,48,0.0000000000,-34.9083846586
313,79,67.6674196685,18.9239844047
123,32,95.1511780936,-26.8244101865
115,16,3.7628242497,1.6877487700
222,60,60.3507615167,3.7071519115
215,51,1.8093351055,3.5151192162
202,41,6.3701753546,-37.7619159292
216,55,49.1432036609,31.2904642494
102,5,12.6893286158,7.1250291897
321,90,456.7270982582,79.0450725483
322,92,41.3008546046,6.5478756754
221,57,288.8807478302,44.4451440631
322,93,56.6117952167,4.6611290789
113,12,2.2831589987,22.2253279474
316,88,115.1539176210,31.8978057232
102,6,13.7165045719,4.3407934072
118,23,508.8220200982,136.4148614993
101,3,71.5410346569,-29.6525826625
202,39,12.6367553559,6.1724112916
307,75,43.1184011303,-5.5239766925
301,67,16.0118087350,-4.9195682047
202,40,7.6231132628,-13.4637362189
116,22,78.9530686705,-43.8954764326
--end of generation dispatch
