--generation dispatch
bus id,unit id,pg(MW),qg(MVar)
322,95,49.5738379382,-2.0537184841
115,19,7.5782730259,3.2996095684
107,11,72.9604386212,15.9610979112
301,68,13.1611016601,1.3398472481
202,38,18.4588115798,-0.6649814778
313,79,112.4955196142,43.1301277430
223,65,76.5131438727,-25.7074418850
322,92,41.1326868650,7.5356651528
222,58,53.3435331807,1.9320888827
301,69,19.7377036336,-41.4720907996
101,2,11.6792617271,-5.0669109914
215,51,4.0827385994,3.4115533246
202,39,19.3366190114,1.3908760164
223,66,89.1235397672,42.3455059576
201,37,20.5079797731,-5.5966522442
207,43,4.4342384965,-5.4653722734
121,24,507.4315981506,165.0103968776
102,6,18.7918424468,-1.2318617294
122,28,52.2549860077,-1.0361595595
322,94,55.1980219948,0.3896820179
222,62,58.6079507680,6.7282523348
323,97,79.8142804890,35.7419470416
201,35,11.3491261323,0.9585790283
123,32,66.4194586096,-24.4792313594
207,42,24.4252731000,23.5308180118
202,40,46.2112027831,-15.1272184349
316,88,82.3016535835,44.5898793915
107,10,21.2968160864,-21.8761101684
213,47,30.1745083343,7.4152211261
115,21,60.0281719472,27.5344447206
323,99,140.3634633910,79.7847723428
115,18,3.8661038030,3.2063310817
122,30,47.0763906921,-2.1805552901
215,53,1.2931740052,2.6530106224
101,3,47.6917990871,-18.1591014311
102,7,43.4238004933,-22.6060623795
216,55,58.1391067628,12.1106023945
301,70,48.6350080761,-20.7391213668
213,46,43.5530622402,-12.2207131694
123,31,50.8863056218,-32.4633181928
207,44,16.1858790740,1.6287614045
215,52,3.6486981053,2.9801059290
113,13,101.7937404586,23.3380857540
113,14,76.0480968063,-39.5192300747
302,73,29.6407881432,-19.2224539131
214,48,0.0000000000,23.3783055679
222,63,37.2769926777,9.3570851985
222,61,62.8983615069,4.0501012887
107,9,29.8168406100,-2.1238906259
302,74,10.1584558430,-27.5982966690
307,75,1.5099055518,34.5213279313
218,56,290.5860170064,74.0958929728
315,84,2.6769025801,3.6605608667
307,77,25.8343573113,10.0491863069
122,26,58.8522941936,-5.8850172267
115,16,4.1902422496,3.1927011349
314,81,0.0000000000,22.8131066025
115,17,3.6518002031,3.7636990910
321,90,310.7674055133,69.7802494123
322,91,43.8531559011,3.6482644165
221,57,442.0447723033,49.0298844115
313,80,76.2232237868,4.8082893934
215,49,1.2202289298,5.4353158534
315,82,0.5118708541,4.2787081326
113,12,55.6828484375,0.1633020146
102,5,11.8230753639,-3.2860932809
201,36,36.5055734406,-35.8091858243
123,33,97.8600569500,45.3052000715
101,1,16.1843413662,0.0839694623
322,96,42.5407685763,1.9009318167
122,29,62.0291157314,4.9887019156
302,72,19.2651992965,0.1301389922
118,23,507.1498955161,88.0826516669
201,34,18.5201153145,6.1507683546
318,89,461.8439224468,78.3565935855
315,87,78.9277816445,59.1219107003
222,59,42.3471893799,0.1061804131
315,86,5.5206627934,4.5984638483
101,4,25.5600668989,-10.8774616568
114,15,0.0000000000,-17.8637727245
322,93,61.3498594919,3.0323488819
222,60,61.0088813291,1.6537902166
122,27,64.5356365424,4.7484210436
307,76,5.8207082632,-7.4140042616
122,25,43.1541467798,3.6358872186
116,22,14.7868886955,-27.2521599706
315,85,1.6987190972,3.7984719067
315,83,0.7775178613,2.3844637475
102,8,43.4237964321,-13.5321781725
323,98,79.8142867685,-6.6851764472
302,71,14.8356865409,1.4460659131
202,41,46.8988076471,-20.0347063573
313,78,109.5125039341,4.7568330260
115,20,0.9528325952,3.3291482574
215,54,57.1054215261,79.8719480242
223,64,76.5130878367,0.3422602279
213,45,121.5173718879,-1.8302584148
301,67,11.5779861004,-4.9512141862
215,50,6.1056800179,3.5476356009
--end of generation dispatch
