--generation dispatch
bus id,unit id,pg(MW),qg(MVar)
122,28,63.2445181329,2.6263601163
321,90,249.8141758082,50.3012649712
102,7,53.1777955327,-4.5252616313
113,13,137.4556959931,29.4905597388
223,66,178.5221032901,14.8581236783
207,42,18.0754560872,-0.3524984939
302,73,34.3765815204,-18.1407418974
222,60,47.1022616075,5.7369136820
315,82,4.6772724810,3.5981155634
301,68,14.5908342854,4.3194788628
315,84,7.2169182857,2.8897784676
222,59,54.2151543759,-0.9900550026
215,52,3.4938605662,1.2996169275
113,12,47.8699826949,-0.9315140477
322,91,48.1603968427,4.2473282707
322,95,39.7958708023,0.5293563335
301,70,40.4083898992,-26.1909332951
107,10,59.1323379322,-4.3226159584
322,94,48.0061225854,-4.1132058813
107,9,43.6942656140,1.6068308783
115,16,1.1685484390,3.2283314234
322,93,50.8268677587,5.9798124375
101,1,14.6289716558,4.7980136100
302,71,12.2178639305,1.9234973601
315,83,6.5233588785,3.8690463031
102,8,53.1777955300,-14.7491040195
101,2,11.2316394565,2.1905395499
123,31,33.5798619198,-12.1599701301
315,87,46.8486778649,63.3085569016
213,47,45.8191915174,24.7566473881
213,45,20.2371046343,-0.7929130975
116,22,38.0548186773,-52.9072919883
123,33,207.5855836612,-100.1785257919
221,57,210.0289818005,25.4599942746
222,63,44.7796253841,5.3677428672
323,97,40.0444391566,-4.7413619340
302,72,11.0725840623,-1.5480547636
122,26,59.4170759972,0.8005790500
207,43,55.0008892291,18.3590744094
202,40,24.7758039752,-19.4255956425
323,99,254.9894220904,36.3435107379
302,74,42.8428133280,-23.8070264263
115,21,39.9517064854,23.5944897787
123,32,75.8496491583,-53.7015914973
122,27,43.6701103188,-2.5748668624
215,54,98.5035358273,-21.9744733568
307,77,40.3333897551,3.0166744564
115,19,1.4808042770,2.4671253181
301,67,14.2962783367,0.2024455779
301,69,30.7676679263,-35.5943095992
202,39,18.2235232149,1.5832579022
314,81,0.0000000000,-4.7331347886
102,5,10.7337885343,1.0110754643
222,62,64.6482032495,3.2602902626
313,78,97.3835198297,-3.6524248976
122,29,54.7105752774,4.3470708205
222,58,35.9299006620,2.6255519080
223,65,85.1297967724,28.3228734612
313,79,140.3966696685,12.0797898762
315,86,7.7000470008,2.4472881905
201,35,14.0855713257,2.0212328738
201,36,22.9751702518,-4.6189568349
201,37,5.9813993088,-12.9641159478
102,6,20.3935776910,7.4348606577
315,85,3.1198137571,3.0092529906
322,96,50.9488956192,6.5737629362
202,38,9.9093349356,-1.6125953462
323,98,108.5794408382,-25.1929832884
115,20,3.8509913323,2.1192622948
202,41,43.0348029166,-15.6569249860
215,53,3.5234525562,2.0705980652
214,48,0.0000000000,36.7953506955
316,88,30.6914964891,59.3613054436
215,50,2.8047507869,2.4888745828
115,18,4.1693027528,3.3776106646
223,64,93.9095601760,-9.1198379630
122,30,56.8743478162,8.1274522562
115,17,2.4833207675,2.4063182528
101,3,35.0993609313,10.4501013858
113,14,139.8335346276,10.3649801223
201,34,17.9816384546,4.7265634908
107,11,35.9301331325,4.2293746624
216,55,6.9243292355,44.7688334939
307,75,11.0589789751,0.3844297566
218,56,235.0573927914,38.1735452097
101,4,35.0993609269,6.4385197546
114,15,0.0000000000,44.6137575683
215,49,0.3231888035,4.4708940805
307,76,35.9719095787,16.7557779483
122,25,47.8119636006,4.6261355694
121,24,378.7980430076,164.7436571920
118,23,314.5144112601,65.4315048560
213,46,48.8990910248,-2.6263249411
318,89,269.3676717048,36.5606143932
215,51,4.3809076495,5.4986392441
322,92,62.2381048002,0.2736180941
222,61,44.1887295553,5.5205965077
313,80,81.8267384384,-19.6917406633
207,44,45.3979149752,11.1041082273
--end of generation dispatch
