--generation dispatch
bus id,unit id,pg(MW),qg(MVar)
122,26,43.5902278887,6.8148082663
201,35,12.4075674053,2.3383415847
323,98,87.0020491299,0.9411258981
322,91,59.1775397554,1.5009870171
202,38,14.6273764931,5.3193452371
301,67,17.3415389461,4.8340122077
122,25,60.5741916869,9.0326341498
301,70,27.2722700550,-32.4379272823
107,9,30.6688335922,-9.4087889786
313,79,92.9258930993,35.1833062364
115,20,4.5651808037,3.9510921112
322,96,45.1132055226,1.5431909864
218,56,498.2139339941,79.5254997884
323,99,109.0006144442,-50.7151633306
115,21,109.0838011614,24.0181730171
322,95,46.5089546883,6.9939531891
315,86,6.0083413297,2.7250177342
222,60,37.4080204794,8.6633827985
116,22,46.5559918046,-1.2337778941
213,45,90.4329521675,3.5929412811
322,94,64.2414805752,3.1109932399
115,19,2.4616746155,1.8554342005
201,37,25.6069842187,-33.3976102338
101,4,65.6869774081,-20.1041088471
321,90,372.1040786147,34.3771110585
121,24,464.9061941066,161.7766458927
113,12,47.9228809332,-28.4495898209
301,68,17.1922355802,2.0850124644
202,39,18.6229214326,2.5030860642
313,78,32.6683969388,4.9354150779
315,83,2.0621667456,4.0460977828
302,72,10.2967705594,-3.9843153935
118,23,366.4257371883,48.4121155824
302,71,12.0906540240,0.0917990602
215,54,48.6451169309,88.2267095398
301,69,21.6104579050,-39.8894371122
302,73,46.0616328137,-13.9377071711
215,49,3.7403299613,3.4694029442
207,43,53.4704956890,-17.2542416238
101,3,59.0126143244,-40.4905851140
115,16,1.1405999317,4.1194569343
101,1,15.3598491646,1.4018035862
315,87,76.3730653406,86.2509809301
122,28,48.1987232056,1.6817579435
201,36,26.3549000363,-26.6564217439
102,7,77.5904986417,-17.2796267727
316,88,110.8165882834,53.4408827125
215,50,4.0891321922,5.2244622302
213,47,100.7553670935,22.6630347233
313,80,35.8878589995,21.7327433440
101,2,12.9387614548,-2.2689828336
102,6,19.2266950022,-3.6402733755
307,76,14.2127901386,20.0683738307
222,61,62.2036474028,4.1058508843
122,30,60.0922627088,-3.2466059419
115,17,7.8609316145,4.1165082884
202,41,25.9380161132,-22.5199882140
114,15,0.0000000000,42.3770262064
318,89,279.2580180333,73.2666133580
322,93,60.3184451599,3.5424915860
216,55,53.0710480702,59.6019753991
123,31,39.5541383503,-47.4610055787
221,57,401.9448235716,84.0040730356
202,40,25.9380166740,-35.8782770799
122,29,46.4232298981,-4.1386118393
123,32,57.8699364805,-44.1929882765
223,65,74.8029461754,-10.6555435194
222,63,51.0765655541,-1.6259416446
302,74,9.7615355335,-17.2048617583
215,53,2.5610953902,5.6185356244
201,34,10.3067343470,-1.5391269379
107,10,30.4994246666,24.6762517121
322,92,48.8579189515,4.1343036349
113,14,20.0877548882,-24.4550615357
122,27,38.7918937036,-0.1721972839
222,58,60.2191065105,2.2082764027
314,81,0.0000000000,-6.9830992390
223,66,85.8827308678,45.4327400621
215,52,2.3259858846,3.9469541939
222,62,51.9080905260,5.1538495358
222,59,41.7110766044,0.2150820332
214,48,0.0000000000,24.8864487996
315,85,2.9339751520,5.1175398877
107,11,26.6316358279,-9.1656110399
215,51,3.5076818763,4.7188575468
123,33,173.0893963641,46.3445892449
207,42,24.3545005913,25.4556348478
213,46,92.1091467796,-4.7479565656
315,84,9.1546437212,3.3506425802
102,8,77.5904971435,-20.8069926503
113,13,48.2445108221,-5.5654275320
315,82,0.4647024441,4.0976492273
115,18,2.1965996555,1.5647791323
307,75,12.0075297705,2.4318706033
323,97,87.0020348346,30.7948491895
223,64,74.8029463434,-19.1150787763
102,5,16.7673742268,-1.6763559496
207,44,15.8010804909,17.6260057892
307,77,30.5965755449,3.2417333776
--end of generation dispatch
