--generation dispatch
bus id,unit id,pg(MW),qg(MVar)
122,28,36.5849305132,-5.1189344648
215,52,3.3306819861,2.3489873556
213,46,126.8125000090,15.7628869255
322,96,45.9736774895,-0.0364005874
101,3,33.1532114771,-11.9066620879
207,42,23.7997057958,-0.1796463050
115,21,20.8707425752,38.3146620236
213,47,53.3730888927,14.7880238056
115,17,3.9552632473,1.6332327816
116,22,65.5740629380,-23.2830993389
102,5,8.8451615743,-0.0622224579
115,20,4.8646823489,3.6783251622
301,67,15.2126780719,-1.5259433064
107,9,33.4551206516,10.5767176635
122,25,39.7472159729,-2.8267661248
315,83,2.7311022640,5.0300521504
315,87,67.5454927987,69.5428900607
122,30,46.2530636253,-5.6680250158
315,85,6.5947659690,5.9628211283
115,16,3.0328440951,1.7223047142
107,10,44.1406129188,-0.1405719606
201,35,14.7994168607,2.9355433848
301,70,17.7572116792,-36.1235407568
221,57,326.3247105415,49.8974133133
316,88,72.8363466739,82.3187947560
307,75,14.3016308367,7.4968762734
215,50,2.5227123479,1.2762295488
313,78,73.4670027403,21.8798290258
113,12,33.3313413447,26.5844340953
301,69,34.8051786496,-35.4836712640
123,31,31.4084584548,-5.1167515957
123,32,93.9912883553,11.2449233967
301,68,13.8075232743,4.7044162017
302,73,34.1433494231,-32.7455311872
122,27,54.9963956002,-1.7824522432
222,58,57.3589718818,5.7866537813
223,65,30.6908946014,-33.8015894467
101,1,18.4852628737,2.8105126276
215,51,3.3895369877,4.3942714296
118,23,425.9490175343,74.3844328439
215,53,1.3081979508,1.4571698821
307,76,13.3069573828,12.1419056755
101,2,17.7520827457,1.6726412720
222,62,49.2173505631,1.0361751875
202,39,17.9172462758,1.8236623251
214,48,0.0000000000,-41.5439601125
202,40,49.8332067344,-31.8050828064
216,55,74.9861861359,81.6872257819
321,90,306.7378673405,67.0485682050
323,99,110.5184282995,4.4110762993
123,33,73.7055724572,-11.1220128863
313,80,51.9214799151,-8.2061524528
107,11,15.5435866393,-4.7938288752
122,29,59.7685171363,-0.0872650862
101,4,33.1519394278,-29.8170027610
313,79,33.4735038610,20.1709912060
302,72,22.2979308710,-1.8301116851
102,7,59.7950024806,-31.3184833057
223,64,30.6907804743,-36.7449156029
202,38,12.2078512184,1.6112614246
223,66,137.7572076010,-42.3566099385
115,18,0.7046309090,3.7345450294
207,43,15.6489618689,11.8678435854
122,26,58.7444652968,1.3840587335
201,36,16.7256316124,-21.7388842939
222,61,63.3753427920,6.4235153987
207,44,55.2467396356,6.3022411267
215,54,88.1664489342,40.0950709597
315,86,2.2172070318,3.1022419262
322,91,52.7284649909,1.9492451461
102,8,48.3932281069,-38.6543844005
322,95,46.7281926503,-0.0092684351
307,77,41.9484511603,9.4543631666
113,14,134.8994598550,-31.7550988651
322,92,57.2388763736,-1.0785472697
323,97,87.8029528104,9.8491122071
201,37,31.7641466207,-4.1253338927
302,71,15.2727407620,-2.3036518674
114,15,0.0000000000,1.0499553036
213,45,50.9909634471,25.3632979330
315,82,5.4520081758,2.9100508635
222,59,51.8358405596,1.0004737804
315,84,2.4448927854,5.7998330504
302,74,25.2453826919,-33.4643720449
113,13,109.5763472085,2.6050646930
318,89,493.8687550741,68.9025618706
322,94,40.1280626618,-2.1549541687
102,6,10.0615630264,-2.1234102893
322,93,40.3969112701,10.8550502705
323,98,119.4735154806,-20.2421554516
201,34,14.3765189746,1.5758116262
215,49,7.0575864342,4.0975684882
202,41,51.9579824817,-26.4353880948
218,56,482.5664882303,86.5560842803
121,24,410.7666470476,111.4778174397
115,19,2.6431274079,3.1427424019
314,81,0.0000000000,9.2540201946
222,60,57.7112127990,4.5469938493
222,63,42.9279089333,4.2125895799
--end of generation dispatch
