--generation dispatch
bus id,unit id,pg(MW),qg(MVar)
201,34,18.8605975722,0.0669005223
322,96,58.8240243747,-0.0729826791
216,55,61.2590311486,58.4646382145
215,53,2.2481989277,6.6675186826
122,27,37.8928703293,4.4058013075
223,64,37.0939221655,8.5071347442
323,99,178.6732717458,9.3440789485
122,28,53.0842869510,3.5857442317
115,21,46.6067514345,43.8085739266
121,24,324.2128640121,77.0078914674
102,5,20.1514493035,4.8446170456
115,18,3.0286536115,5.1881342287
215,49,0.1792205660,5.4724397186
315,82,6.0768979300,5.7449687908
118,23,290.1004045933,80.3087069469
215,52,4.7352265400,4.5035842112
113,13,85.6477501241,5.4609194469
213,47,22.9005843262,-11.0660521587
315,85,1.0825916676,3.4205304765
115,20,2.8472672860,3.8197296701
321,90,407.5079925495,35.1651159093
102,7,39.5693329919,-24.0727366334
222,58,64.8167899007,7.6421606148
307,75,9.4102957007,0.6638850857
222,59,46.2528833083,5.5730238592
115,19,3.9793944602,0.9656245892
207,44,16.2872529053,-1.1040629817
223,66,186.6359454569,16.3840472379
202,40,18.8211520250,-30.6621075130
323,97,34.3663083287,-23.3045187553
302,71,16.6062895956,1.0545010978
122,26,38.5471944781,0.3888904613
101,3,30.6482457942,-20.7164588461
307,77,54.5619819616,-8.5885082867
123,32,35.6530532831,-37.8847546951
302,72,13.6101667059,4.1963103183
315,86,3.6560759502,2.0043064151
222,62,61.3564314891,6.5355532541
322,93,37.2604383664,2.1465442180
113,12,89.3466341341,4.7217638260
322,91,35.7747922834,-0.4820832165
102,8,39.5693523090,-17.6053574099
223,65,37.0938927891,21.0359627635
313,79,82.3974772195,-30.3750253052
218,56,423.5604108177,91.5636487467
302,73,34.4513077622,-23.1343255746
215,50,4.5911264447,6.5074209906
322,92,54.7795853690,4.2433308988
222,60,63.1329934404,5.1668707181
107,9,37.4977081246,20.0085940110
207,43,16.7318542581,27.7743690168
315,84,2.1964108454,3.7367884768
107,10,5.3083319066,-1.7423775816
301,67,20.7118628736,-1.9298298847
222,63,56.7769965937,4.4748038316
202,38,11.8576901252,0.7941387420
201,35,15.3292720075,2.7684332467
122,30,61.8028220292,3.2698643668
101,1,20.4802514645,-2.6242439376
307,76,12.2929670801,18.9741529980
207,42,64.6397374279,6.9265403306
322,94,51.6267836905,1.8437914279
116,22,46.7229177619,30.0132217819
323,98,22.4495070078,-8.3894727428
214,48,0.0000000000,-54.6846677035
101,2,19.0554647543,3.6312676640
201,37,14.5389040906,-10.1067324679
301,69,23.4266050724,-27.5563953998
315,83,3.4617717860,3.0650908784
213,45,83.1194039703,-12.1819030467
123,33,279.1201302512,70.1978526531
315,87,29.6785853195,84.1749987861
215,54,46.9863906427,78.8049643543
316,88,95.9130166067,49.6397540654
221,57,393.8816811757,86.3776226320
122,25,56.4744765186,2.6257891751
202,39,20.4606073274,4.6296493004
114,15,0.0000000000,-3.3069983971
122,29,61.7295004860,4.2862263034
301,68,15.0500186037,3.9678181526
302,74,49.1592919559,-15.5073921162
102,6,12.6274518594,-2.0545426038
222,61,64.3130541861,4.1729449854
215,51,1.3864931987,5.8080301306
113,14,6.3825423041,12.2553974227
202,41,14.8368502503,-30.2835459826
115,16,0.3489125857,4.4090156271
101,4,30.6482561132,-37.4829299167
313,78,142.7901921040,-2.9860372806
314,81,0.0000000000,-47.6877134829
115,17,1.7404176098,4.4179238126
123,31,55.9534508203,-23.3649946867
301,70,4.4508064369,-20.8311361862
322,95,46.4695765400,5.0749413840
201,36,14.5389309297,-12.7806172549
318,89,511.7469000347,131.4465052160
107,11,56.2172406856,-11.0703985731
213,46,95.6959617505,-1.1742890266
313,80,151.6856712766,13.5679744328
--end of generation dispatch
