--generation dispatch
bus id,unit id,pg(MW),qg(MVar)
302,74,19.8076364556,-27.1404779774
115,21,81.9978683383,81.0727256011
122,29,60.7433489971,0.0898325984
315,84,10.5301092587,2.3967739954
322,96,51.2347488158,-0.1384004343
307,76,36.6124259843,15.7183442042
207,44,39.1226428095,15.6161863046
116,22,69.6640400720,-3.9766947440
215,49,4.9747223408,2.4619349993
301,70,56.3516866499,-22.0727442979
107,11,45.1676731440,21.8821912532
322,91,42.2980927566,1.7791580247
115,19,4.6365161604,2.8941286288
123,31,50.9901769103,-24.2248087951
113,13,93.3568263313,5.6053508021
201,34,11.8810953533,3.9160416335
222,59,51.3920870565,6.5270610101
322,92,53.5592764227,-1.5905640490
202,38,12.4318719471,0.2832324871
222,60,63.3013627797,2.5867419402
322,95,37.5215200388,7.4562747816
101,3,71.5747308519,-3.2036080107
122,26,41.9428953952,-1.9300942247
207,42,31.4578518202,23.8474966546
122,27,55.2509964355,0.6054202801
123,32,100.7026580750,-77.0332573751
115,20,2.1449366547,2.5759901374
215,51,6.2308610616,4.4467718182
213,47,117.7555023074,2.2192047211
323,98,82.2960448324,3.3277758008
121,24,286.7527801335,-4.0060322585
213,45,48.6295703054,30.4669502188
322,94,44.0313735844,1.2282551922
202,40,14.3298040362,-30.4023908357
101,4,71.5747304826,-42.3078442703
222,62,50.1224682809,1.8214588991
107,9,71.6364829603,-14.6471600851
316,88,95.6509610147,47.7024480804
201,35,13.1567988381,1.2967160631
301,68,11.2154793842,0.7898091789
122,30,38.4084759052,1.1276981741
215,52,4.0120442371,2.1793648886
313,80,99.1817120773,21.1424081789
102,8,84.7273805719,-23.1959620136
301,69,19.0281506200,-40.3545635073
215,50,3.7596583145,0.9351336199
218,56,281.1296273367,78.2817879577
223,66,120.9427023473,36.6967577541
201,36,14.0742387110,-13.2035611714
118,23,340.4526723709,173.6834008797
302,71,18.8554346031,-0.9353381595
115,18,4.0430304964,1.5742368367
223,65,93.3037574423,-27.3178782981
222,58,42.5405788680,5.9754699947
307,77,30.5044998182,20.0527842630
215,53,5.0084026382,1.5541446353
202,39,15.5861651047,5.7449951646
114,15,0.0000000000,-72.0117984387
102,7,84.7273809415,-11.2532069345
323,99,258.5541994884,36.9955593843
314,81,0.0000000000,-38.1199585613
115,17,0.8787959035,3.4505403299
102,5,10.5560686342,1.5997846023
122,28,45.9981779642,-6.8774354950
107,10,42.3684569972,-0.8167573926
315,87,93.0598941334,72.5647833415
315,82,5.9201663795,2.8615249704
214,48,0.0000000000,4.9189797156
315,83,10.5335086570,2.0067448309
221,57,332.6017985832,44.1065026088
315,85,7.0089039117,2.8545145028
322,93,47.5088974002,4.3960580987
323,97,74.5144826696,-12.3168118149
315,86,3.4825578987,4.2902593557
216,55,88.7562620174,47.6982727386
113,12,76.8486033750,15.6441044490
313,79,52.8324732899,-13.0791708960
201,37,38.4242216950,-11.7174164891
215,54,89.1645435557,38.9307779688
213,46,24.6766337831,-12.7294830148
302,72,10.9476795890,2.8335216470
101,1,14.8034271768,1.2078567955
318,89,515.8986265743,96.0927583617
102,6,14.4077745925,2.7806149067
223,64,93.3037519826,9.4683855343
113,14,0.2501685456,16.9805271067
202,41,14.3298152301,-16.1501890445
115,16,2.9627193702,1.9893379454
122,25,47.9804746997,-6.1281984204
313,78,20.9059240784,25.4192041372
321,90,329.2569539678,62.0067514863
301,67,20.5524258692,2.4767198954
222,63,56.5004259164,7.9533653723
207,43,38.9808311081,6.9408149049
123,33,54.3086109176,-43.8338321960
307,75,21.4708794584,18.1361239390
302,73,19.8076917148,-6.4046074741
101,2,18.4236386894,-1.7133000481
222,61,57.5854699246,3.0451176189
--end of generation dispatch
