--generation dispatch
bus id,unit id,pg(MW),qg(MVar)
122,28,56.3046458971,2.5223335104
315,85,3.7622121736,3.4405677180
102,5,12.8301054524,0.6378704832
302,72,18.8804794041,0.3348582070
115,17,8.7441105059,3.7948374796
222,63,35.8664311774,6.2440661972
222,58,35.1655873960,5.9953481303
123,32,36.2804579955,-9.2836088664
101,1,15.0832506051,6.9917964660
202,40,8.8388553929,-32.6835643658
123,31,36.2805007508,5.0988302526
113,13,4.8885138121,-2.9624690241
201,34,19.7810104044,1.3920039472
213,46,50.8708830656,4.2621293210
322,96,39.7918540881,1.0429507976
115,20,3.6849249750,3.7595007855
215,52,2.4366797271,3.6667739379
315,87,81.0356138530,78.4826822495
202,39,18.3943194187,5.3488733314
215,54,52.4930016690,78.5054199011
202,41,39.1267928480,-29.1512219301
101,4,22.6053386924,-42.4918248454
215,51,4.4981466795,2.8062835669
315,83,0.1995109901,4.1264970277
102,6,11.1255172886,0.4759553256
213,45,16.9464109037,-32.8326999742
101,3,22.6053245474,-38.2886618954
322,93,39.4017580653,3.2696665564
115,16,1.7209141016,3.6155488405
201,36,8.8648417992,-17.2409888597
222,61,58.5373369681,3.6924165554
113,14,96.5915774549,-28.2885466731
207,44,39.4251668597,23.4181483027
323,98,97.4350016184,-16.3912501038
221,57,495.9531756711,77.0837652852
314,81,0.0000000000,10.4779430987
223,65,69.6079692171,-30.1434940431
316,88,86.1450921619,53.0637886047
107,10,7.9083625232,21.5540178482
202,38,19.4924367223,2.6186935897
101,2,11.7687050071,-0.2030598936
123,33,106.5399053835,64.1127807938
218,56,305.2286068444,71.5098218887
318,89,317.7033636123,63.1360316105
323,97,97.4349747732,2.9290807027
307,75,21.1111375599,11.6405502112
122,30,55.0916599182,-6.7537088495
107,11,9.8561674897,12.2481697002
322,91,59.9168228467,4.3233321903
301,67,15.6644618189,4.4804822894
315,82,3.1539325248,2.4903605129
201,35,12.4425799388,-1.8766079488
115,19,2.2658658182,3.5476042696
313,80,90.4110019339,4.1674552062
223,66,206.1409695087,62.1801800579
113,12,96.1575901827,-20.1625931226
322,95,61.3260041662,0.1561171973
315,86,3.1594271045,4.3111804411
307,77,38.6148317905,24.2953741563
315,84,0.3333839596,3.5403103207
122,25,43.6836599955,-1.5288840513
313,78,109.7902998432,2.9636551684
301,68,17.2876875387,5.4099121221
213,47,70.0720089231,15.6360902729
216,55,112.7779869651,56.6400737598
102,7,49.1059693162,-31.1543126259
302,74,21.4243998538,-39.2309270101
118,23,475.8608834891,157.8483601122
122,27,56.7215854886,-2.9027733405
121,24,344.3123872143,94.2039420020
107,9,31.7159230417,-23.9583710197
222,59,58.5310020442,-2.2545687948
114,15,0.0000000000,91.6794069148
302,73,11.0362688062,-20.4692068716
307,76,40.2075936752,6.1008374353
222,62,63.6391890240,1.5351148808
223,64,82.3672139389,-35.5206996508
222,60,57.4400158461,4.0906673213
322,94,50.2158981712,3.8175771146
116,22,107.3022920012,-25.1284621513
302,71,18.3689787816,2.2563124350
301,70,31.1492778074,-34.3504897216
102,8,49.1059807317,-20.3948874638
215,53,0.1827498410,5.4954419095
122,29,57.9866288908,-4.9092720632
115,21,62.2728920796,18.9275886617
301,69,10.4696370797,-8.2958967068
201,37,11.1642854130,-21.9597625501
207,42,36.8948657233,-12.6317002748
207,43,45.9447130076,-5.6311975393
214,48,0.0000000000,-6.1675042084
115,18,2.3320179074,0.7582217926
215,49,7.7179390630,3.1192530384
323,99,128.7715426373,20.0761469514
313,79,121.3259468510,-32.1440359942
215,50,1.4251839783,1.7552486696
322,92,46.6180966229,2.5093925562
122,26,54.2560673832,-5.2290255128
321,90,374.3054914977,61.4900389800
--end of generation dispatch
