--generation dispatch
bus id,unit id,pg(MW),qg(MVar)
118,23,297.9927274439,67.0184787759
222,60,40.9651998035,-0.7624580634
313,80,21.0527798147,15.1237179880
315,82,2.0106707161,2.8106179559
222,61,50.1935570175,3.4120458084
302,73,22.1272228578,-24.2749828739
102,5,12.3540605048,2.8043964985
314,81,0.0000000000,-21.4640688016
301,70,36.6916901226,-28.9938424049
115,20,0.5934778919,2.3751835873
216,55,18.3943343375,51.3097667036
207,42,24.7151199211,-7.2696258732
215,53,1.1870865785,3.9167433973
315,83,7.2251326166,5.6481803509
201,37,36.3747491950,-24.3887157837
318,89,334.4383008475,72.5493222916
201,35,15.4657942658,0.4731758073
315,85,4.3752571966,2.8176600033
302,71,12.3795944838,3.7226391866
215,49,6.1355792688,4.6338206427
123,33,100.8158736053,-19.2160460462
223,64,63.5663401905,0.6370075269
201,34,21.5140048920,-0.4036260014
202,40,21.3524937733,-8.4697752851
115,19,0.7357169444,1.1921435731
214,48,0.0000000000,75.3163125705
107,9,31.1181691888,10.8983354666
321,90,412.2741953452,74.1892270878
121,24,313.0228189267,118.7859666479
322,93,56.8332528885,4.4959809453
223,66,155.5636072185,27.0384498876
215,50,3.2363954972,4.6537675202
114,15,0.0000000000,4.4468435412
222,63,48.1414120877,-0.6693490307
313,78,130.2978113630,31.7487272491
201,36,13.3359205937,-25.4086328317
122,29,36.3774440188,9.8251344766
202,39,16.4548989877,3.1762506590
215,51,3.7788663921,2.8978110410
101,2,18.6455864800,2.4726131449
122,27,62.9458507273,9.5058269389
307,76,90.0171596207,7.6910006809
307,75,13.5536915812,2.4132195645
222,59,45.1907260553,3.2720085763
307,77,27.8884708271,12.4304958895
122,26,62.2002530174,3.5919610382
322,91,57.4894488001,2.9411710580
115,17,7.9825927714,1.1671366431
102,8,54.5987095462,-14.9654700349
322,94,35.6192773398,2.6428523081
223,65,40.2287028243,2.6197751344
213,47,81.2675655756,9.2952328145
207,43,39.9599864933,11.0051773110
207,44,8.6416567032,24.7147171684
101,1,9.1260493502,7.3801670392
113,14,139.4965830231,-14.4346179181
322,95,41.8816907684,-7.5333360107
313,79,49.6351253146,-11.4691172768
215,54,97.3003967926,55.1783485288
122,30,58.2944269205,10.6074427602
102,7,54.5987169095,-2.1192393898
315,84,2.7575931691,2.9951830354
323,98,46.8963836202,-41.9367991044
323,99,267.4473017344,35.4939354046
322,92,38.7836334788,2.8642824675
116,22,90.6095327510,-42.5208178027
122,28,42.8533193825,5.6773028422
323,97,73.7277738768,-26.9787535986
115,18,3.4639085099,3.0584801046
202,41,14.8323091622,-5.9774301933
213,45,123.5741200577,-15.4586983544
202,38,17.8220339499,-0.8191082735
215,52,2.8661099603,2.5660037638
113,13,77.7033489367,-2.2236190313
301,67,11.3436546029,0.3502107128
101,3,18.5480660770,6.2248650213
123,32,22.8417073876,-7.7209405496
122,25,60.3758385574,10.6414858934
302,72,10.0867610573,-0.1549110917
302,74,28.7557147530,-7.5115684939
213,46,18.2911491818,19.3629764277
113,12,113.4215262610,-17.9873690026
107,10,20.5011384033,35.2569206140
115,21,89.1800182608,-9.1210405233
316,88,41.0640725617,58.9882353455
301,69,6.9061772164,-47.1196072771
115,16,7.3449835269,3.3388547919
315,86,6.2870806055,5.9926433591
123,31,115.1105214774,-41.0966896070
301,68,15.9247562534,5.0276314839
218,56,387.9907461960,105.0966043787
101,4,36.9450684516,9.0473427102
222,62,42.5513136689,10.9373285593
221,57,371.1900883654,63.6863751920
222,58,55.8710158430,7.4276399620
102,6,13.4816471183,7.7107244575
107,11,50.5925064666,-12.4250550567
315,87,44.6091914099,65.0650406922
322,96,45.4939757361,5.6143900110
--end of generation dispatch
