--generation dispatch
bus id,unit id,pg(MW),qg(MVar)
222,61,38.4630972381,-1.6914098418
313,80,61.1566540311,40.2112299728
302,71,13.0955615275,0.9717867776
122,26,49.9814744896,-1.7989932632
315,87,89.9538767802,85.4978150021
318,89,302.1633926313,57.1237735079
321,90,364.5552010540,44.5775892840
101,1,18.2339011532,4.8142261741
222,60,39.4394082647,-2.0156598758
322,96,49.8463283302,3.6105121909
107,10,27.1700194280,-3.3086222890
107,9,23.4827132069,14.9026551882
101,2,19.9403263952,4.8981425465
301,68,11.5912657119,0.3273236266
215,53,2.8741782250,4.0796202748
202,41,41.2398262120,-20.5520725723
322,91,58.0085355891,1.5649631287
301,69,11.6186427948,-35.8744565962
201,34,13.0685842086,-0.3312875358
114,15,0.0000000000,-54.8039612766
222,58,36.9233768574,3.9968825696
302,74,64.4391402615,-3.1183722994
323,98,93.8044829544,-30.4213611004
115,16,4.3352656091,2.0644096452
222,59,60.8261907102,6.9067990571
202,39,16.4988544631,5.8734399236
213,47,35.4604349032,-4.4254257997
102,8,32.1943880118,-20.4872929389
218,56,461.6410801583,71.0668614101
122,29,63.9433591786,1.2232633738
315,84,2.0848354425,2.4790134899
215,51,2.3121525401,3.0608687767
323,97,93.8044886907,-7.7311445476
215,49,3.2692704966,5.8481435883
223,64,84.2060828772,-5.2930793845
223,65,101.6099588253,-34.4781729188
107,11,35.0713604095,13.6685891929
313,79,76.2252347763,21.4721972979
301,67,14.8611918964,-3.7095870035
315,85,4.5948845597,5.4783394028
322,95,52.5314141330,0.1856836390
307,77,23.1522159910,1.2449939467
201,36,11.7344588190,-41.3727472181
215,50,4.5635945272,5.6884586712
314,81,0.0000000000,-2.9416245701
113,13,76.8744419349,-18.0340358997
123,31,58.7363231913,7.4949677044
322,93,44.0728110643,5.1413525393
122,30,47.7199067521,-11.6076424581
213,45,129.8585727304,-12.2135281862
313,78,130.6323197079,-12.9272756594
113,14,64.6633232422,2.4352084548
207,42,24.2079673742,11.0604533259
207,43,40.1030417875,-7.9317171973
213,46,18.9310039726,-17.3513389754
222,62,64.6225574358,5.2624175195
115,20,2.4524565940,3.8705023432
202,38,19.0984920372,-2.6384423189
102,6,20.3450652847,-1.0257569432
201,37,11.7344806192,-15.3455742849
115,18,2.8767789250,2.8120899040
101,3,22.9863256320,-38.7685407617
307,76,9.1101323860,25.3825809147
207,44,38.9474914002,25.2175341684
123,33,172.7799020507,-9.0465290636
214,48,0.0000000000,16.3074776686
215,54,108.2017007332,63.8931438577
215,52,0.0897656254,4.3866633528
122,25,51.1405599835,2.9870718941
123,32,58.7363327981,-58.1529598292
201,35,20.5966178244,-1.1067130782
115,19,4.2414249346,2.3457108986
221,57,419.2975692478,52.5292064700
301,70,11.3793012266,-33.0367855236
113,12,20.0307184350,34.7029114030
222,63,57.0980222636,4.2376539290
302,73,10.0322198718,-14.6816994375
223,66,142.0414789108,69.4334668994
122,27,55.8526932375,2.3158402498
315,82,6.0756786833,4.0351985724
322,92,58.0753037692,6.8365116109
315,83,0.1012233287,4.7811194536
116,22,81.7065576253,-3.1305350123
118,23,339.4280662784,109.7528074858
121,24,384.6883092277,74.9191884688
102,7,30.7289163266,-31.9898515252
216,55,72.1329968646,58.5042711335
323,99,121.8916606352,44.8292503071
202,40,11.7081690721,-22.2410399010
122,28,62.3858375704,-8.2654631180
102,5,20.2869560301,-2.5920595193
115,21,58.3857315495,72.5202233356
316,88,93.9842256335,62.3969421109
315,86,1.7659022287,4.6205587405
322,94,45.8764660921,-0.4986923113
101,4,32.1997381949,-15.1238259191
115,17,0.8038885376,1.8068858083
302,72,12.0882508383,-0.0831514352
307,75,24.4789924205,2.4886161612
--end of generation dispatch
