--generation dispatch
bus id,unit id,pg(MW),qg(MVar)
101,3,35.7385963142,-9.9664353126
122,25,63.7401337237,4.9292101180
322,96,57.3084971370,7.7814773104
222,63,46.1889819670,1.9733167526
215,53,1.6478873253,2.8397366302
223,66,107.9834359055,24.7667150814
301,69,51.9340712561,-29.3160597231
201,34,16.7587692417,-0.1942619089
215,54,43.2924050559,46.8113175765
313,78,70.5053142243,2.0652151749
102,8,23.3824684020,-43.6195445468
213,45,52.7874580265,29.9514860497
223,65,63.5394456549,-39.9151059895
201,36,12.7516173873,-10.8555608724
322,91,53.5106606866,-3.3078111473
201,35,18.3507643784,-2.0659018543
216,55,44.3899308984,78.5778056447
107,11,11.1529110000,19.4802361557
315,83,6.6336263436,2.6004938579
207,43,24.7028120165,22.4648070316
313,80,69.1426498828,-4.4345315884
215,50,9.6460345256,3.5082495199
123,32,48.6277631775,-3.3484255515
215,49,0.6016358625,3.1203599184
116,22,23.5142256855,-55.8368749975
115,21,59.1279672453,4.1156542968
122,27,53.1962655501,8.8041113173
202,38,11.4422468553,1.4902926363
302,74,32.7256271186,-11.6645055970
322,92,57.1102395272,-5.2931928200
202,39,12.2637453589,1.4494399998
223,64,63.5394462807,-25.6894517701
222,59,51.7128096089,2.3476529240
215,51,0.7739573720,3.1166560180
318,89,461.6852854095,66.3583909044
301,70,43.2003355639,-16.1264364646
218,56,438.6512164123,76.6883413114
123,33,185.1447788351,-38.8230721262
213,46,134.9192708748,3.0126175165
107,10,48.4430824174,6.6238191292
122,29,44.8459320131,0.1284053535
222,62,57.5438528264,9.0460336501
315,82,4.2055675853,5.5224499142
316,88,79.6589783236,92.9521764941
115,18,8.2366602102,2.3682694018
123,31,37.9090427816,-4.7376690472
307,75,54.3223072508,26.2129163380
313,79,110.7500454566,7.8678725499
113,14,41.2411693352,40.4722552283
302,73,11.2844031532,-22.6968055592
115,16,5.8696499822,3.5030324284
102,7,23.3824747430,-18.3847906148
302,72,14.2618313774,-4.5290934593
122,28,44.7301588537,1.5416084379
213,47,94.4498729503,33.1767961147
307,77,16.0446019494,0.1865010515
101,2,11.3365446234,2.8253344397
107,9,47.3693589657,5.6805647690
315,85,2.0657784604,4.7806622117
314,81,0.0000000000,12.6101327805
321,90,362.9490035306,63.9547584302
115,20,5.3374242470,1.9328409789
113,12,33.7446399251,29.0947691281
315,87,75.3975766493,78.9834196450
323,98,89.7333149485,-35.6495353680
115,17,5.6862567517,3.7465754186
202,40,35.5774759736,-20.4771559453
322,93,53.3713787904,6.9080769519
222,61,47.3164524174,3.0051255842
102,5,17.0865451598,0.6724274628
301,67,11.8197956632,-1.7669895512
322,94,40.3788280442,4.5522068841
201,37,33.5627229054,-11.0210244386
114,15,0.0000000000,-0.8547855102
323,97,89.7332584931,-12.7468862751
315,84,0.7182511184,4.0528288134
118,23,304.8498871790,117.7140830904
214,48,0.0000000000,-43.0649542526
301,68,17.6977638586,-1.0563883926
122,26,58.4724842698,5.3640882906
323,99,193.6496806899,34.9390427348
221,57,451.1793493575,53.9823852615
122,30,44.2648987090,8.1033332594
302,71,22.4198085658,-4.2405882882
315,86,2.7579583037,2.3762844812
322,95,41.7825680630,5.5292963012
202,41,12.7975640870,-13.8850715986
207,42,44.7914444283,-18.2579390292
101,4,9.0732691066,-25.1180219707
307,76,4.8190928739,-3.2930900460
101,1,20.7766145059,-2.4697279116
115,19,1.1950272087,2.4138074212
121,24,458.6148408889,140.8985003872
113,13,115.2035839894,5.2461516331
207,44,21.9628487411,1.8742693422
222,58,49.7384538885,0.5550420659
102,6,17.1334395016,-3.5457497118
222,60,51.3186039805,5.1514804726
215,52,2.7429066779,2.7942390388
--end of generation dispatch
