--generation dispatch
bus id,unit id,pg(MW),qg(MVar)
223,65,92.2310233960,1.3409248202
101,2,18.2594049813,5.1611769819
115,16,3.5604809606,2.9798793417
207,42,14.0996031638,8.5212911449
301,70,20.0942577732,-19.4268332620
122,26,53.8881303071,-1.6585530309
323,99,152.9367890081,47.5609774962
202,40,15.0646492335,-24.3292456906
207,44,61.1696169791,-4.5274539796
201,35,12.5993930019,1.9076031805
102,6,16.3461365624,1.1306664438
122,28,59.0570691394,2.0432985213
216,55,77.3604105470,53.7527445591
222,59,48.1697148694,8.9540213009
322,92,55.8269650867,-1.7733714586
102,5,20.0778305653,-0.1719637135
202,41,15.0646502855,-16.6652226022
302,71,13.8718840474,-1.4684315203
301,69,14.6084315578,-34.7325577352
213,46,117.2966286944,10.8226857973
315,84,3.8746526187,2.1909152490
123,32,128.9411924938,-9.4612341865
322,91,50.9759759955,5.0623836964
301,68,20.3960272834,0.3828439805
323,98,110.1867365587,-42.4982701736
215,52,3.8316801347,3.8151706507
221,57,287.9911807940,58.8760677352
101,1,13.4652499855,-0.2135850981
201,37,16.3155205518,-14.7165525290
316,88,105.8207093545,44.4289125007
322,94,57.0309475675,6.3450886748
322,93,45.6752758176,6.8017292290
302,73,22.6943231832,-26.1530066751
207,43,41.0463652485,5.3653879037
113,14,93.3171717292,-0.9399819554
213,47,26.4606910015,-2.3164654528
223,64,100.6458076332,-25.0146132257
122,27,43.3849653116,5.0153029448
318,89,436.1678181236,87.7606131131
201,36,32.3265305666,-17.1481053972
222,61,53.9699374935,2.7790891133
114,15,0.0000000000,10.3389287713
218,56,481.4525683048,66.9823875518
213,45,24.0714853027,-1.5195901717
202,38,19.2659252894,1.6368562762
323,97,110.1867408612,13.2158242985
215,53,5.5614895478,4.1997230628
302,72,10.2022274142,0.4989108543
215,51,0.0897193765,3.1781696588
113,12,79.0301421932,-43.5419262633
222,63,40.0025842203,7.1692897743
107,11,32.1109442133,27.2714503754
315,82,2.0658436458,2.9886743355
322,96,47.3581837123,5.4877965019
123,31,47.3047442149,-25.2717956477
107,10,17.6110280340,6.5754453321
222,62,47.5944552715,0.8827892574
307,77,3.3878391481,-5.6361946521
313,80,16.8425269562,44.4132544051
115,21,56.8521287155,20.5043039831
307,75,46.9354962837,-2.1598141401
122,25,56.7574762557,2.4939164715
122,30,54.2468893275,2.4064373892
102,8,57.7557950708,-31.9868998089
102,7,57.7557842175,-23.4187725095
122,29,42.3681352850,3.1650360602
121,24,361.5280766236,189.3598652856
115,17,6.3054102455,2.1980708158
313,78,77.0581649128,-9.4943196478
101,4,49.1863363304,-35.0646667950
201,34,9.5361634706,-2.6030336159
223,66,224.3178969296,42.0727644806
215,49,2.5807945548,5.6221717275
315,86,1.0584826013,2.2350108985
322,95,42.6354275556,-4.3278625243
107,9,16.1681198888,8.9805514098
307,76,19.3307493941,12.8341634402
115,18,6.2062452020,4.1341769796
301,67,21.0739911560,-0.0920844521
123,33,153.4145759623,44.8655751690
315,83,6.5036450557,3.4397634893
222,58,63.6846773191,-2.1182626678
222,60,41.7319555888,-0.3247016867
215,54,86.6181995080,85.6560457665
113,13,89.3042764975,-12.7237307472
118,23,469.0477523214,69.4945780635
314,81,0.0000000000,-17.4406823775
315,85,3.9723442305,4.5707747498
302,74,28.4214913711,-19.6692023498
115,20,2.2267464353,2.2633314979
315,87,101.9914188037,50.4411784097
214,48,0.0000000000,-14.6050486893
116,22,54.6396650786,-58.9183019372
215,50,2.5463315603,4.5530437335
321,90,320.3810726687,69.9048398132
202,39,17.2400366151,2.2965479588
101,3,49.1863356512,-25.0351254382
313,79,17.3124802057,17.9584791401
115,19,8.7293305322,3.0088408047
--end of generation dispatch
