--generation dispatch
bus id,unit id,pg(MW),qg(MVar)
113,14,104.5571286301,-7.6353660968
102,6,16.3801504484,-4.0360259422
302,73,1.7336127191,-18.6661714006
121,24,342.7013151275,148.5526000811
113,12,68.1447078745,7.3511595174
113,13,60.8337582628,23.1743336748
202,40,28.6488611044,-24.2804164956
123,31,22.5159502562,-7.7587221173
215,49,4.6073045161,5.2380196058
301,67,14.2157186154,-1.2868769472
322,92,49.3869049177,4.8649574969
222,61,50.7621014961,2.1764413284
116,22,38.6834818664,-48.0490770202
122,29,47.7010951732,3.0677504428
315,86,0.1643249454,3.5431057373
115,17,3.1666893240,3.1686755099
221,57,498.2444727787,80.2790436881
313,78,15.1310132616,-6.0005463405
322,96,63.1787670804,4.8683110327
201,34,17.2792825624,-4.0129125302
322,95,53.8000112614,2.1815691937
302,71,20.2694626319,0.8694208225
215,50,4.4394653048,1.3154109111
115,19,4.3558901405,2.8103557378
218,56,367.6935943395,99.9205139365
315,85,4.3095961094,4.3198556034
213,47,67.7739345028,13.9283523967
222,60,55.3437154209,4.8217254523
202,41,6.3788928619,-31.3050159343
118,23,295.0760754853,66.6723819850
114,15,0.0000000000,-36.8152395857
215,52,0.9831344826,3.8901857651
102,5,12.0506500332,1.9373043834
115,16,6.2818339121,2.7346197883
316,88,7.2964478703,64.9990429840
315,82,2.7313808315,5.0456588589
115,18,4.4158495544,3.6660285052
323,97,45.5457683968,-10.8403594196
315,83,4.9460958153,3.0766156244
222,58,42.2260479587,1.7831281894
301,68,12.2418568796,5.5158356035
301,69,29.0724697629,-17.2464773762
202,39,20.2594748674,7.0666348102
207,44,30.1592434651,7.6325822267
101,2,19.3860893191,0.9864721530
318,89,484.1606196422,134.7905550884
307,75,38.1225365622,6.7852090215
122,30,59.2562138899,-1.3886992761
313,79,56.6686686737,-24.4771808880
322,94,44.8367228154,3.6252377677
122,26,63.8694729987,-6.5004459120
307,77,31.9991821935,-5.6724096522
301,70,24.5440496883,-33.8640475349
315,87,30.2392136671,68.0659221825
123,33,257.1411841470,15.7914603978
122,28,51.9966166588,5.8590266736
223,64,113.6528945565,-33.9792409048
314,81,0.0000000000,14.5432941456
107,9,54.2582939658,5.3565363612
323,99,112.4784181884,23.3892588168
115,21,74.1491183055,33.3155767836
302,74,35.6586477895,-6.7091411380
101,1,13.5397151926,-0.1975005251
107,10,23.6297600725,20.3686186549
222,63,38.1861557933,2.2040258667
222,62,48.8344473792,1.9894163033
313,80,84.7664501207,7.4675351011
315,84,2.9453230359,2.6047155440
213,45,103.2931722062,-1.1694955474
101,3,39.5854912640,-41.2193621937
123,32,56.0515919680,-37.8714470241
102,7,26.5603872456,-18.6980373256
201,37,24.5779386794,-21.4623794329
215,54,41.2815750701,64.9331794327
115,20,5.7768723713,4.6894685332
202,38,17.9988781799,6.2214705127
322,91,48.4817737253,2.7187953658
201,35,20.3425944089,-2.7708534498
302,72,20.8876084059,3.3152416321
223,66,108.2029774836,38.8676726788
101,4,6.8994310242,-28.1544299430
321,90,490.6494325432,161.0443686276
323,98,56.2257243871,-13.7468391544
215,51,0.8055823654,3.5143000192
322,93,64.2801337974,5.8608956222
207,42,13.2847956952,-3.9211867345
216,55,23.1895609614,87.1682376311
214,48,0.0000000000,18.9296087839
223,65,108.6582551783,-8.0195846887
213,46,7.0491130319,19.3978633431
102,8,26.5603872368,-25.3620477681
222,59,46.0547420504,2.1861274849
107,11,37.7244530607,-22.6168098771
307,76,13.1887800165,-4.2533890368
122,27,47.6712518539,7.6058565447
215,53,6.3449630431,3.3093791057
122,25,42.1336874464,8.0554109105
201,36,24.4358190022,-37.5334257923
207,43,6.1805656098,10.2840407809
--end of generation dispatch
