--generation dispatch
bus id,unit id,pg(MW),qg(MVar)
123,33,50.2439929756,36.4730418665
223,65,1.4149454163,-77.6092047369
107,9,18.4254879042,11.5242525337
101,3,10.5671706059,-10.4453948250
207,42,44.6182260457,9.4054130594
122,28,40.9432840262,-6.1637484732
301,70,1.9852544624,-13.5918531867
113,12,90.1826393935,0.6714222545
115,21,15.1181431284,11.1095898806
302,73,38.7246429609,-20.4117493935
115,16,1.8427342446,5.1879453796
115,17,3.2757965415,1.9719990433
207,44,29.7739820838,-8.4840464828
202,38,15.5510388869,3.5004352420
222,59,62.3546289055,8.4102042406
321,90,404.8231050342,32.0266384489
118,23,419.0212542237,106.0539810321
215,54,56.2963161455,-23.5688398129
301,69,40.8066610555,-22.9883266833
222,61,63.1437083458,8.0893532745
202,41,44.9085393573,-2.1698553842
107,11,28.2781636881,11.0910720646
322,91,45.5341870905,7.2731567508
113,13,90.6444574557,-15.7167255967
214,48,0.0000000000,9.1504240446
322,93,58.9601232795,3.9747028253
201,34,15.5203720998,2.3885243468
315,85,0.8622255916,2.5106106250
222,58,51.6981691758,-0.3728811967
215,49,5.2916072270,0.9457802629
316,88,61.5072124295,74.1495042363
122,25,56.4383193463,-3.2026712704
114,15,0.0000000000,-9.3718344367
322,94,45.7699129040,2.9318441179
322,95,56.6427880231,1.7518086093
101,1,20.0948051995,6.4470566069
213,45,97.8391112081,43.6995438357
307,77,7.1057142915,-8.7897253994
107,10,48.2589694570,7.9684321171
218,56,310.3950706501,70.5267397319
315,84,0.5654001923,4.3834920958
102,8,35.9902727635,-7.7392631202
223,66,218.2951711515,41.1172982489
116,22,67.7304297540,-27.2793092248
123,31,80.1181198414,-34.4437454298
301,67,19.9369598214,1.2086357173
102,6,14.5901528792,0.0201791675
216,55,74.4084388650,61.9935880421
322,92,50.5712297893,2.3843028964
102,7,35.9902735322,-18.0389875437
318,89,338.2064563056,53.0977755741
302,71,13.2853756761,-1.5482138330
301,68,21.0086103590,-0.7691670860
315,87,76.2042810885,82.3730602292
115,19,1.5617039584,3.6698324059
115,18,3.1973276948,3.6166753179
115,20,2.9653131242,1.1792884669
215,50,1.8933738444,3.6118946750
313,79,128.7883526020,2.7176321734
121,24,438.3166724306,169.1467094934
215,53,4.8355077668,3.7897011136
323,98,70.1976312772,2.2019151410
307,75,23.7959586461,17.7505981018
323,99,227.4447797536,13.4455833912
222,63,47.7284614237,4.1643438863
207,43,48.0000254154,8.1951558201
213,46,113.5965820794,21.7416325247
102,5,19.3066515899,7.0963114341
122,26,49.7572905741,-10.5846629426
123,32,51.3768737058,-8.0768993523
323,97,16.1039095799,-23.3221152175
322,96,44.3784386067,-1.5040428308
313,78,88.5846834460,14.8125881019
314,81,0.0000000000,-21.9714530264
302,74,3.4638644261,-15.4763541164
223,64,71.6438175865,-3.5989852035
122,29,48.7460610977,-8.0710374273
302,72,20.5650750648,0.5069124046
307,76,28.1501183546,5.6858819970
101,2,20.4598588237,9.0512119297
101,4,19.6261996094,-6.8649681907
201,36,38.7299482104,-34.7595022781
122,30,61.4802013718,-4.9763138957
122,27,56.2920011285,-5.5703473147
113,14,139.8201289081,32.7930068369
202,40,23.2670752848,-37.1897148177
315,86,0.2013161268,3.3598339771
313,80,92.4687939108,-16.4950085270
222,62,59.9996410225,5.3425354075
215,52,2.3980291377,3.5786607434
222,60,45.8962129716,4.0048313228
201,35,18.3416029797,-0.0532493092
213,47,86.5381900643,-2.6679542797
315,82,3.8042276110,2.4758200533
221,57,375.6873773823,48.6679358448
201,37,16.7978216475,-24.5042991675
315,83,5.4427341451,3.4023987149
202,39,22.4915226891,-0.0317853502
215,51,3.2413102888,1.6665206174
--end of generation dispatch
