--generation dispatch
bus id,unit id,pg(MW),qg(MVar)
202,41,44.9085554617,-2.1737984676
302,73,38.7246590664,-20.4055879320
115,17,3.2757989595,1.9495356330
107,11,28.2781848606,11.0768449607
215,50,1.8933762729,4.1729017702
201,36,38.7299643156,-34.7793083286
313,78,88.5847251543,12.9845615840
115,20,2.9653155463,1.1524529257
122,29,48.7461450614,-7.6455523570
314,81,0.0000000000,2.8953959765
121,24,383.3739836787,159.6079573190
122,25,56.4384033100,-2.7700456682
215,52,2.3980315581,3.8978534714
213,46,113.5966237877,21.6178836728
301,67,19.9369640566,1.1843602953
323,98,70.1976641152,2.0750623258
123,31,80.1181526775,-18.8047394434
222,62,59.9997249864,5.1825962656
307,77,7.1057354645,-8.1924711909
301,69,40.8066771607,-23.0127935254
215,49,5.2916095786,1.4422241024
115,19,1.5617064033,3.6548106822
323,99,227.4448538722,12.8025208368
115,21,15.1181759667,-0.2996425035
218,56,310.3957420650,73.0753152011
207,42,44.6182472181,7.9277682417
322,93,58.9602072441,4.2041363192
102,6,14.5901571144,-3.4716248105
223,66,218.2952452693,36.5200295634
221,57,451.4909866218,57.9285609930
322,96,44.3785225713,-1.3022620849
123,33,50.2440670959,56.2755312271
118,23,376.5157511867,103.1901457416
107,9,18.4255090767,11.5100605557
215,53,4.8355101281,4.1335202908
102,8,36.5346047359,-13.4368099996
315,85,0.8622280284,2.6326691579
115,18,3.1973301132,3.6016071086
101,3,10.5671866994,-25.2865074516
223,64,71.6438504233,-8.1243529564
322,92,50.5713137539,2.5935163606
115,16,1.8427366769,5.1749358227
302,74,3.4638805381,-15.4702021428
122,30,61.4802853355,-4.5281111608
202,39,22.4915269190,-0.0346783316
307,75,23.7959798188,18.3251576351
113,14,139.8201706163,32.3743214776
222,63,47.7285453877,4.0398182870
114,15,0.0000000000,47.0405661303
323,97,16.1039424203,-23.5906167484
313,79,128.7883943103,0.8902537809
307,76,28.1501395270,6.2846176653
322,95,56.6428719877,1.9267299939
122,27,56.2920850922,-5.1597958463
122,26,49.7573745378,-10.1415090879
122,28,40.9433679899,-5.7268918948
222,58,51.6982531398,-0.4869581933
315,87,76.2043139258,83.1876435861
123,32,51.3769065430,3.4716391887
222,61,63.1437923097,8.0216841073
315,83,5.4427364884,3.4649129289
302,71,13.2853799112,-1.5417463923
215,51,3.2413126899,2.0159788100
215,54,56.2963489826,-7.8311995851
101,1,20.0948094344,5.8758675303
113,13,90.6444991639,-16.1367662646
201,34,15.5203763354,2.3687418485
202,40,23.2670913920,-37.1937584145
102,5,19.3066558257,4.3153266824
315,86,0.2013185746,3.5069808223
318,89,338.2071281156,22.0738989445
315,82,3.8042299918,2.5700470108
302,72,20.5650792993,0.5132863577
201,37,16.7978377558,-24.5241031069
313,80,92.4688356191,-18.3389022534
102,7,36.5346069700,-23.9627437745
315,84,0.5654026340,4.5270823508
107,10,48.2589906295,7.9542026385
113,12,90.1826811017,0.2519169324
207,44,29.7740032561,-9.9296297862
202,38,15.5510431225,3.4973430491
201,35,18.3416072157,-0.0730331950
116,22,67.7304625904,-28.6184758392
214,48,0.0000000000,8.9788213815
322,94,45.7699968686,3.0066055888
316,88,61.5072452675,80.2211191726
301,70,1.9852705747,-13.6163123198
101,4,19.6262157096,-19.8502220822
222,60,45.8962969356,3.8554112481
301,68,21.0086145928,-0.7934752232
207,43,48.0000465878,6.7512476877
216,55,74.4084717015,-16.5060538076
321,90,426.1262316729,59.2240866248
223,65,1.4149782561,-82.2599204661
213,45,97.8391529163,43.5835252253
322,91,45.5342710550,7.4024176777
213,47,86.5382317725,-2.7911231905
101,2,20.4598630580,8.7866498652
222,59,62.3547128695,8.3451040418
--end of generation dispatch
