--generation dispatch
bus id,unit id,pg(MW),qg(MVar)
222,61,60.1513459753,-5.9232504443
121,24,378.5798898844,166.6211401668
302,71,11.5138224494,-2.2021761256
223,65,101.2064582583,-52.3873317512
218,56,296.1812405634,54.2893014161
302,74,25.6349554754,-34.0017002231
102,8,25.1874688159,-33.0431544973
102,7,25.1874689615,-13.5548911754
313,79,98.2986893295,2.0772884989
223,64,101.2064590748,-6.8129326172
213,45,34.6968276529,-8.9039019049
315,86,3.2423187022,2.7417281823
215,53,0.5216926225,3.8262797618
122,29,39.0681483509,7.3152935063
113,14,81.6046977409,-17.3117327030
102,5,16.8397974521,1.4115102800
213,46,144.7902198863,8.0436395460
307,76,33.6308759090,2.5218943448
123,31,82.3624482650,-26.1978177813
216,55,103.4121226564,79.8741988661
302,72,18.5265923330,3.0203185107
115,20,0.3353284520,1.3114064356
307,75,61.6314548545,-1.5576746023
201,34,8.9307549828,0.7179297721
202,39,16.4383602484,5.0237501683
107,10,48.6309612158,-20.2724733319
101,1,11.0992211804,0.3718328739
201,35,20.8175367959,2.1374645643
302,73,26.9325102830,-31.1718564489
314,81,0.0000000000,-0.1409416003
202,40,12.9690729731,-41.9517009016
214,48,0.0000000000,34.5568506925
301,68,22.2831679257,-0.1366675440
215,54,99.1424037875,47.3167275523
313,78,7.0383830761,-4.0696865524
222,62,37.7874460035,3.4962543744
122,26,43.2203255670,2.4612503960
123,32,82.3624409776,-44.4874903258
322,95,61.7944298485,1.3342311421
323,98,113.7885979919,10.2679808615
315,87,104.1541287357,85.8929496085
316,88,108.0957130055,72.9893634734
322,94,55.8992526038,6.5456056524
215,51,2.4909618757,5.4310360747
115,17,3.0387827989,3.4663264610
322,91,42.3092969238,-0.1912777837
315,84,5.4786350428,3.9957295028
321,90,362.7608860253,46.5243280366
222,63,52.1203741116,6.3031005754
118,23,506.0121743319,108.2667989347
213,47,89.7105542121,2.7036481204
114,15,0.0000000000,-25.8553873937
215,50,1.3310068229,2.7823124976
301,69,42.1976214954,-30.4221145572
222,59,41.6736989455,3.6552420229
122,27,43.2781384449,0.0153662891
322,92,41.5096709887,9.7474201831
101,4,23.1421809072,-23.5103355378
322,93,61.9100494157,5.3064645622
115,19,5.3895115276,1.0031107083
223,66,158.7764175334,79.3296479157
313,80,46.7483222016,5.0627932002
315,83,7.4979947516,4.1506255765
123,33,100.2083586636,48.5406745680
201,36,12.0942747214,-38.5810253816
222,60,57.0505772588,3.7657334537
307,77,31.2801930972,16.3761963849
221,57,301.6944182636,21.4332763077
107,11,50.1850587397,7.1160397804
315,85,2.3679083217,6.1083325823
322,96,62.9076299268,-1.5047438718
315,82,1.6411001030,5.6887232669
201,37,37.0087948864,-5.6131231364
202,41,48.0841771596,-24.2237231152
207,43,33.7688736315,14.2072848247
113,13,56.7317560470,25.2071399092
115,18,1.5589710856,4.7343393586
122,30,36.8446550524,-0.2162264102
102,6,20.8616297432,3.8750277943
207,42,22.5043616514,34.8627078090
101,2,14.3105166539,0.0887723680
115,16,3.2051946452,3.5322347488
215,52,6.0846053176,2.7594568835
207,44,14.7807412792,-10.5481438884
323,99,159.7624862030,-12.9496657693
115,21,61.9299028937,35.7147966146
301,70,12.2979859018,-6.9315513792
122,28,48.3383438696,1.7703800969
122,25,58.1760519213,2.5404032360
113,12,11.9945529035,-32.4939946181
101,3,22.2864767490,-24.9096832949
318,89,410.2258751696,63.3435212623
202,38,20.5489293549,-2.7328186047
301,67,15.4505550595,3.6354288854
222,58,37.5156105879,0.5805906811
107,9,40.5143730976,22.6350618707
116,22,82.9510783373,-45.3969596565
323,97,113.7885820323,-17.9196427747
215,49,7.2080635172,1.8483081995
--end of generation dispatch
