--generation dispatch
bus id,unit id,pg(MW),qg(MVar)
103,1,392.8818756632,-307.4422927366
9,1,752.9872796355,-272.2857340784
6,1,722.8393189504,-28.6014522586
118,1,1300.8579103203,1558.0088230350
148,1,775.1077242126,31.2766613976
116,1,333.0634755914,11.2142400664
30,1,2283.0273085754,701.0853426414
40,1,391.7577470055,115.0071490843
79,1,5918.9532035089,-574.9046725939
159,1,449.6081485937,-91.6884721549
65,1,1833.0000263691,610.1307423786
18,1,255.8960071208,-186.1551945579
13,1,451.1377714251,-124.4051913498
45,1,809.9317312552,279.7662364531
162,1,455.3562222487,192.7623008415
35,1,2303.6820951280,747.6085919937
140,1,1281.5026445215,873.4614729867
4,1,655.2891823889,-68.2083658824
47,1,30.3693293074,25.7388769426
70,1,597.2248734940,-611.1183082204
36,1,1184.7807885497,466.4352978283
149,1,526.3456839090,126.2572769990
77,1,1974.3476482559,1056.0694234622
112,1,322.1267610702,-45.6832500388
43,1,315.1063060067,78.1478542740
144,1,1309.5094510874,-99.8058260664
15,1,1633.6461345493,274.0505355648
11,1,995.5380970673,-79.6286557904
138,1,641.4592438213,-213.9059078243
--end of generation dispatch
