--generation dispatch
bus id,unit id,pg(MW),qg(MVar)
222,63,39.5207396965,0.7513236216
301,68,14.1781398571,1.1166509067
322,93,44.4751299429,0.2031894398
115,20,7.6798864518,2.9613365939
315,84,1.8159881764,3.4267657540
201,37,11.1438591224,-6.4930674329
113,12,47.0304343372,12.0988139173
122,25,39.4547156757,-0.5740963786
322,94,46.3422159246,8.6425455112
115,18,1.4883038236,2.5915174697
302,71,12.3103348464,-2.5653894922
315,82,0.5360274001,3.2953817394
123,33,112.1937274546,19.5480518626
101,1,13.0672445222,8.3922401824
114,15,0.0000000000,-12.3279710483
102,6,15.0906063961,4.8177375063
222,61,45.5613897601,3.0053325474
223,65,112.4303209212,5.8058907930
207,44,61.0749982018,-2.2031988346
313,78,139.6156762864,-15.4945698842
115,16,2.1009632142,2.3887092498
207,42,20.4697635619,17.4927251867
118,23,408.5441850264,29.9013372785
318,89,283.3124373280,50.9471126799
122,28,51.3216797961,2.5785199411
202,38,19.6578833891,1.6103067997
315,83,5.1076792938,4.9816320452
102,7,66.2034984926,-11.9421087735
122,29,48.8361985051,3.7792958335
202,41,10.3062258380,-10.5404914846
215,50,1.9872982125,3.4645438701
102,8,66.2034984799,-13.2950699977
301,70,28.2200122557,-15.8746324714
307,76,37.8407378122,19.9549371968
113,13,142.5144664057,0.3904874443
215,52,6.3219173225,5.2560006311
223,66,71.2049765768,17.5116519581
323,98,52.8292963710,34.5860732370
322,96,62.7687499906,-1.4832450420
307,75,8.7776849044,-17.9727915631
215,49,1.2772948350,2.6007176935
107,9,6.5962241287,28.9936557495
116,22,8.2297083093,-15.6459128583
121,24,444.3409056350,120.4044747761
202,39,20.5160641807,4.3314539806
307,77,37.6559739490,19.0694604118
101,2,11.6243917258,1.8248719249
223,64,52.7727510158,12.2739071253
314,81,0.0000000000,12.5937642276
222,62,47.1246088203,1.8056515110
201,35,16.4339714563,3.7710287467
201,36,8.9953735730,-2.8054156161
113,14,74.9559315973,5.7929426633
301,67,22.0612713273,-3.6407765014
122,27,37.9995346186,1.1545385476
302,72,16.5217206235,3.0264016278
313,79,5.2218304929,26.2869403954
115,17,4.1702876057,1.3522617556
222,60,59.2708391929,3.0377721252
107,10,61.2902177449,-6.7978060675
321,90,310.2705258112,52.2564304689
313,80,128.6451241043,28.7486086845
315,85,4.0259990565,5.1908486472
115,19,6.9140376862,3.5479024210
216,55,36.2527187988,23.7893509404
323,99,256.6912982934,40.4628927392
215,51,6.1992280550,4.6207402199
218,56,420.7035081447,40.1526796994
123,32,72.4731145057,-6.7059792822
322,95,50.4862406152,5.6085708799
202,40,0.3661039010,-39.8857980146
122,26,53.7606800045,-3.9164871317
101,4,46.8309688509,-5.0792445885
213,45,88.7508196953,3.3770561823
213,46,31.7616569052,12.1706800379
207,43,26.3366495753,15.1384126112
222,58,35.5076284381,-1.1844700349
115,21,56.5270957337,49.2264260710
201,34,11.5462599677,6.7734157958
221,57,402.7141342103,55.2832683233
123,31,101.9356404037,-69.8786495776
302,73,38.8702728271,-29.8933413831
102,5,11.4363693478,4.9057174900
107,11,27.6482586295,7.7319354675
315,86,3.5779342499,3.2875988193
215,54,29.2188505523,-21.5487045294
301,69,41.6430466272,-39.5595994053
215,53,4.9602378505,4.0171301750
122,30,38.0186739681,8.3537462051
322,91,42.7058624128,4.1380611013
101,3,46.8309688437,-7.3200666432
315,87,47.0320473914,57.9179073010
302,74,39.3062876913,-26.0904957215
214,48,0.0000000000,105.2426902009
323,97,58.4522820039,-60.4277548509
213,47,101.9714845969,30.7610889613
222,59,44.7423932259,6.8144986937
316,88,88.5221577809,51.3546987237
322,92,64.1359041050,2.0227556885
--end of generation dispatch
