--generation dispatch
bus id,unit id,pg(MW),qg(MVar)
202,40,34.5129303871,-0.7981349632
315,86,8.1998561213,5.1800559483
318,89,357.9947029002,73.5785949017
223,65,10.4071312617,40.7022629269
207,42,55.9981127835,3.0249059557
218,56,357.5941212406,62.3441876746
301,67,18.6716824985,-1.6134557593
222,59,37.0373406040,2.8813199185
122,26,41.4106144126,-6.8215764758
201,34,20.4193414932,2.7249991993
322,95,57.7435437558,8.9542010850
201,36,26.2532023986,-4.0431911042
215,52,1.5731460029,0.8800163397
101,2,19.3785848744,3.3957455408
214,48,0.0000000000,45.5940967253
302,72,21.2977651706,-0.2643279842
107,9,46.4583275113,15.0909125344
315,82,1.0781133625,2.7959612928
222,60,62.1382996265,-1.2020577623
213,46,65.0120159550,-17.6861344190
102,6,15.3832816156,6.7976796823
101,4,26.0349129088,7.1140933608
202,38,21.2930309184,2.1152367582
115,20,0.8984560819,4.3942968756
314,81,0.0000000000,15.8433284973
107,11,21.4928453644,-8.3798242999
315,83,2.1703706633,5.8198776071
201,37,44.8362057644,-15.9352489731
207,43,2.4539734408,23.0834483903
222,62,47.7560413990,2.5242177741
122,28,47.9423251537,-2.5354588760
102,8,55.4994044630,-1.3285663681
118,23,432.9381005297,72.7577802028
122,29,41.4812569039,6.7420692694
123,31,33.2635436369,-60.7370787877
113,13,68.7550888720,9.0891982801
115,18,3.2639713123,1.4894498334
115,21,122.6816449871,33.7489436876
216,55,7.5295371821,66.3560563791
116,22,61.4394714557,-8.4226093943
101,1,19.0477826641,0.5081486096
221,57,327.3954126720,31.1403786137
315,84,0.5641761200,2.6038243348
202,39,19.7962439561,4.3204298274
123,33,50.5616518551,52.6304856242
315,85,3.3689177975,2.3749816048
213,45,149.7160698906,32.0778595938
222,58,62.0698529284,3.7828015841
222,61,43.4365829092,5.4454983510
301,68,12.3187942479,5.8892759185
115,16,2.0814880062,1.7855921263
215,50,3.3014984806,0.2377551085
215,53,3.2137960397,2.7328392170
107,10,57.5535566956,11.1695644916
201,35,19.0480694440,3.8877179111
323,98,98.4188561655,3.9036070835
222,63,39.3481988635,8.0863047917
301,70,11.5159296576,-11.1325943392
122,30,61.5382233656,-10.6854868157
302,71,15.5679373632,-0.6595513312
322,92,45.4815004385,2.3747989228
301,69,27.9519581380,-29.5980078860
313,79,106.6987701098,18.6897196919
316,88,71.9735004353,65.0397093997
122,27,46.5642420504,-8.0539168667
123,32,56.4550760503,-86.8736697597
207,44,50.4014879251,1.6130271459
122,25,41.1950578469,-6.4758399253
322,94,39.8831029298,-2.2313293391
223,66,171.9507525269,-6.5157215765
313,80,134.8242665050,3.1118123646
215,51,4.4099810746,3.3950730973
322,93,58.2595730471,3.9563700065
114,15,0.0000000000,-51.1025028326
323,99,134.5182412283,17.4711265795
215,54,89.4750479357,-31.2675286358
213,47,72.8106655997,12.9118964410
313,78,120.9699837495,8.9115416921
121,24,445.6163812192,189.0958158561
223,64,53.2125821017,14.5813428365
215,49,8.9489283090,-2.6151581347
315,87,109.0908626167,96.1892171799
307,76,67.0499873494,1.8871191608
115,17,4.1061720138,1.6997190837
302,74,16.5175027327,-44.3497967835
102,7,55.4994035741,-0.7716181436
321,90,332.6867326620,30.3601033754
323,97,110.5665090618,-15.4589016587
307,75,37.7563108383,5.8244594722
307,77,4.0151332909,15.2466831412
113,14,57.5069676671,-0.5302278247
113,12,59.2972198153,41.9090277432
101,3,26.0348749476,-2.8548602916
302,73,32.1905539042,-39.8584811199
322,96,45.5118955524,4.6605674441
102,5,20.2864224707,7.9490508460
202,41,1.8709774803,-32.8228062821
115,19,0.8132973866,3.5090801554
322,91,39.8356741961,-7.1400092546
--end of generation dispatch
