--generation dispatch
bus id,unit id,pg(MW),qg(MVar)
101,4,28.3459793705,-11.8649631436
213,45,19.1585762804,-15.0023312446
307,77,9.0632226190,7.8126991121
115,19,7.2743921949,4.2578491266
222,58,63.6931490786,7.6414398884
215,49,3.4007468582,3.8531040766
323,97,98.4691048528,15.5049655546
207,43,16.2818584882,12.9209961035
102,7,26.9509862976,-45.0622585739
318,89,478.2245256904,107.5971073589
301,67,19.3187077455,4.5845891462
315,85,0.5897128517,2.5532354167
123,33,136.5778898113,65.4650839669
102,8,26.9509868260,-41.9844346403
123,32,101.5543062219,-17.3978129777
321,90,477.3468274961,81.9806291991
302,74,12.6493284864,-9.6917997098
214,48,0.0000000000,-3.4018473696
322,92,61.3129089520,1.0909832388
223,64,96.9921106832,-7.1638161138
323,99,161.5579045668,15.0427852716
222,62,56.0676872082,2.4187080906
201,36,16.5061975531,-11.0757663700
215,53,4.0320110245,3.3177232815
122,26,49.3343492974,-4.3935310466
221,57,435.3874700486,67.5128833915
315,84,1.6458303641,2.7378631624
122,28,56.2489102971,8.9808411076
122,27,59.6372357434,4.1766314259
315,86,6.8800913167,4.6731978485
202,41,16.6933123096,-12.0053143400
107,9,21.2395452568,-4.8023905367
313,78,75.7588608848,-17.6268067664
202,40,16.6933127276,-33.0150644427
116,22,106.9229956479,7.8021123635
301,68,21.0227404284,2.1257596694
223,65,96.9921129027,13.1228794549
115,16,5.9712710916,3.6562916047
201,34,17.6859238366,-1.1788682096
113,12,118.6080818087,11.0441699127
222,59,40.3788092783,0.2622228847
202,38,10.4756030416,-0.3224742432
215,50,3.8263064516,3.4992654037
201,35,14.3784010447,1.1312742490
323,98,98.4691000036,-11.7775993863
118,23,299.8825061484,55.7256318452
207,44,40.5150388833,-3.2136098398
115,20,6.8862824023,4.6077095451
301,70,11.9498251113,-10.5491100923
113,13,52.8645494221,15.8147674418
302,72,13.7605624801,-0.1499864792
322,94,51.5899080204,2.1539628037
115,18,1.7618445762,2.5157490848
322,93,41.6023468928,8.4726541999
314,81,0.0000000000,2.6366555334
213,47,94.4388145867,-7.7547875714
122,30,64.6358269155,2.7965141618
313,80,13.6221091326,-18.8447153517
302,73,12.6493205173,-33.7213200924
122,25,45.8339431304,8.7894754430
121,24,327.0307814119,59.9673027560
107,10,10.3894239594,5.6945301221
101,3,19.4767407514,-10.1864000725
223,66,181.1086199547,24.5555905140
123,31,101.5543107509,-27.0536920260
213,46,112.8845224510,-18.2820242617
215,54,98.0652205335,75.4972130814
313,79,43.1264395137,-5.3849036452
202,39,13.0526291079,2.3908470046
201,37,19.5137453213,-24.6443779822
316,88,85.9670462501,69.6522599314
222,63,42.0384468654,0.7052381054
207,42,38.3929018141,-0.6710311277
113,14,1.4499986634,3.2288640781
322,95,49.1755647169,4.7944248371
102,5,13.6879216343,-1.7032003191
101,2,11.3039732828,0.3389815280
115,21,104.9348644418,79.0316479708
122,29,60.4058154723,0.1140615872
222,61,42.0690380180,4.5989295093
307,76,60.8216407592,-5.4153377015
315,83,0.8282923844,2.9263737083
218,56,441.7628311522,79.3890707262
307,75,69.5662802411,1.3894977472
222,60,59.5112882465,1.6050771725
315,82,8.5219415482,4.8847996804
322,96,50.3764527527,2.9204645979
215,52,6.2622884546,3.7947403480
114,15,0.0000000000,28.2789503200
315,87,78.0719951548,48.7892617430
216,55,99.6249366847,58.4735512849
107,11,13.9193799882,18.3881015702
115,17,7.0281890553,1.5683954855
302,71,16.4531514949,0.1286124740
101,1,20.9821936228,1.3841140824
215,51,3.8022646300,5.0332807749
322,91,43.5921496994,-0.4669536260
301,69,13.3695400611,-14.7119879481
102,6,15.6531858661,-2.2973447624
--end of generation dispatch
