--generation dispatch
bus id,unit id,pg(MW),qg(MVar)
9,1,930.9979440140,-181.5982569621
11,1,1164.8284298329,-49.3452193604
159,1,1009.6774905609,-63.1147142138
4,1,487.1867101331,-33.6084467159
35,1,1780.3445340634,640.4601586017
40,1,161.5725775705,32.0711385732
36,1,323.7248728464,238.1440426995
103,1,291.4476002036,-299.9880800026
43,1,191.5731732973,100.6886502810
15,1,523.0277150543,-20.3312389287
149,1,1273.0528853727,106.0138288899
30,1,1773.3442228069,463.3779797508
148,1,919.6841398515,-71.6528168304
162,1,384.6136373327,127.2886804894
112,1,477.1614515475,-37.5854709755
45,1,640.0835382806,413.4692739589
138,1,408.5735445863,-115.1158344687
144,1,631.6891876558,-181.5429322271
140,1,1974.6824834614,844.9030844923
116,1,555.2515468922,108.2468254893
65,1,2198.4357011376,1086.6532883110
77,1,2936.2631624757,15.0192298725
70,1,909.0403076320,-9.7921547245
118,1,1685.1289041710,2168.0453785476
13,1,484.3030557327,-103.4215945724
47,1,113.8134624452,28.9003554922
6,1,425.7928590693,-73.4672127366
79,1,4761.2256642795,-527.1061241811
18,1,623.2837019825,-111.3731391639
--end of generation dispatch
