--generation dispatch
bus id,unit id,pg(MW),qg(MVar)
222,60,38.9732654125,9.4612686756
223,66,270.2762196907,6.0287319025
107,11,15.2240917902,2.0593084887
301,70,20.8340662849,-36.2994164674
322,95,46.1412225000,6.0291179503
307,77,17.7186851809,18.7027842758
222,58,60.7634702127,5.2172070864
323,98,74.9784987724,-20.8564343906
222,59,51.8870236340,3.0963986893
323,97,94.7076046714,-23.0479140978
113,14,54.8990166238,-5.3205037324
107,10,2.9458660597,7.2025067077
118,23,399.1631683934,53.2129109694
301,67,19.4808273761,2.5533022660
201,35,12.1491942618,5.4684424735
122,29,37.1570322278,-0.5564374730
223,64,70.3668809257,-2.4494559311
222,62,46.5578727133,4.2827259814
215,54,49.9752051512,-26.2409571168
121,24,365.6301750911,183.3188973703
223,65,6.1813704796,-4.6446755001
315,87,80.2226531873,90.0073755724
115,17,3.9822714552,2.3969848691
221,57,279.7277769841,23.1851041791
101,4,28.4253048656,-11.7677809725
213,45,58.0516993303,-4.8872109657
213,47,151.3801553765,35.1684958210
215,49,1.5452655759,-1.7488654408
113,13,102.9505458319,13.4164273598
122,30,50.7890740654,-3.3390541173
218,56,315.7001841372,3.5352461617
101,1,16.3005706719,4.9578152244
201,34,16.6175562892,5.6967524866
123,32,43.6791956572,-93.0235426850
313,78,48.4263604024,5.2148863588
322,93,48.6778364877,-3.2382903758
122,25,35.7278837904,1.5128341465
322,96,38.8881832559,6.2735914173
101,3,28.4253048810,1.9711948706
202,39,21.5147374085,2.6494449356
215,53,2.3816723096,0.3506694589
102,5,19.3379545901,2.4025078492
113,12,125.7246060602,19.9373839158
307,75,14.4389987795,12.8370498063
215,51,3.9241027075,1.4937839461
115,19,3.5138725776,3.0994019962
214,48,0.0000000000,51.0920454045
216,55,87.3493502634,33.7479144722
316,88,89.3382997658,53.1017599634
301,68,12.2910172307,3.6868724271
313,80,123.9868689207,14.5973452528
322,91,35.0763926690,-2.1524120615
207,42,48.3734973520,-1.2327531636
114,15,0.0000000000,-61.6161275296
115,18,0.9106037139,2.2896274375
302,72,10.9322185688,2.5531676419
315,82,0.6926677521,2.2022171370
202,40,19.0872113842,-30.0523161609
302,74,41.9968575766,-19.1473773433
202,41,49.5891646677,-14.1560992260
215,50,4.9582880569,0.0951034014
102,7,47.9084968494,-2.1710712022
322,92,37.3551492521,-1.7189431895
122,28,56.2777987856,1.6927445653
222,63,35.8060709864,-4.8213720544
322,94,56.6938382445,5.9727743506
102,8,53.0307934649,1.8868427415
122,27,35.0642622879,1.8180432246
207,44,38.0245392863,14.0318444124
213,46,118.5404872803,9.0388306123
302,73,6.5774826543,-11.0616040826
102,6,10.2553655441,6.3166635604
321,90,427.5147471069,46.4813352488
222,61,61.5222824958,0.3150282675
122,26,41.3990009029,7.0305641634
107,9,43.9082779398,22.2828932715
115,21,61.5443610658,73.4097392220
315,83,8.5338857746,4.9803858373
302,71,18.1108834332,-1.0893259212
315,84,6.8203159750,2.6820835282
307,76,46.1503872706,-7.5827031970
115,20,1.4326670346,4.2660402644
123,31,42.0680340461,-15.1344966982
116,22,124.4950003313,-30.7185570850
315,86,7.0376287613,3.6574939442
318,89,315.6698265804,62.9538020497
115,16,7.1024721322,4.2701760646
202,38,16.2029113185,2.6320568889
313,79,46.8721208623,32.2915194993
315,85,3.0968122783,2.5452898701
101,2,20.6610722257,3.1403878664
201,37,52.0331790903,-2.6593522974
123,33,180.7483094516,54.0303279422
323,99,163.5200968720,16.5128210728
314,81,0.0000000000,27.4594127018
201,36,15.2598934899,-14.3587398056
215,52,0.3985996524,-1.0283831936
207,43,48.5906446089,19.5198180428
301,69,40.0505543499,-27.5764481199
--end of generation dispatch
