--generation dispatch
bus id,unit id,pg(MW),qg(MVar)
323,98,122.0534325055,-32.0803054345
116,22,27.1180729898,-32.7519168649
113,14,76.0485138757,-39.4189569750
302,71,14.8357288488,1.4567952867
202,41,46.8989689041,-20.1471148901
315,82,0.5118958293,4.7602776454
301,68,13.1611439705,1.3090058988
322,95,49.6753132379,-2.4453801830
222,61,62.9998368000,3.9944258406
302,72,19.2652416057,0.1407931872
102,5,11.8231176853,-3.2690416462
215,54,57.1057466999,75.7830739408
207,42,24.4254848166,23.4402923678
301,69,19.7378720480,-41.5036213789
202,40,46.2113640416,-15.2396094462
213,46,43.5534793108,-12.4507442517
122,27,64.6371117128,8.0695484575
107,9,29.8170523249,-1.3294912426
123,31,50.8866319745,-15.4868068929
323,97,111.5581787230,19.2769855653
223,65,76.6710006019,-38.5956038593
202,38,18.4588539079,-0.7527098717
201,35,11.3491684544,1.8576939626
213,45,121.5177889582,-2.0630642569
207,43,4.4344502132,-5.5586539668
322,91,43.9546312009,3.3397794162
113,13,101.7941575279,23.4381388992
215,50,6.1057026547,3.1478260015
121,24,408.8924551890,154.2674192048
115,21,60.0284983674,-8.8410127224
123,33,97.8607972638,63.7495511500
218,56,291.3978199718,75.5694691025
102,6,18.7918847672,-1.2147914723
107,10,21.2970278014,-21.0793560944
222,58,53.4450084738,1.9032020490
302,73,29.6409499308,-19.2120230838
215,49,1.2202532023,4.9756953927
201,34,18.5201576424,7.0387035390
213,47,30.1749254049,7.1919061894
216,55,51.6212360385,55.6553239948
115,16,4.1902675258,2.5762920626
115,17,3.6518256416,3.3744650394
307,76,5.8209199838,-6.8052663878
215,51,4.0827618158,3.0477684975
223,66,89.4225564987,26.5060398655
223,64,76.6708711697,-14.0720113821
113,12,55.6832655070,0.2634914899
307,77,25.8345690317,10.5135017010
313,78,109.5129210060,0.2235446640
222,59,42.4486646730,0.0529325047
315,87,104.4307992703,65.2853510990
313,80,76.2236408589,0.2409022252
101,2,11.6793040485,-5.0397129332
122,29,62.1305909018,8.6062603439
115,19,7.5782980015,3.0505473725
315,84,2.6769275251,4.2213888618
115,20,0.9528579946,2.8119932846
322,93,61.4513347916,2.6533110086
322,94,55.2994972946,0.0793821729
101,3,47.6919602308,-18.1316472782
222,60,61.1103566222,1.6074240342
315,83,0.7775429482,2.9085644089
215,52,3.6487220322,2.7547898652
315,85,1.6987438891,3.9984709007
114,15,0.0000000000,20.9322535675
102,8,43.1434464897,-13.5150164604
202,39,19.3366613395,1.3194251092
201,36,36.5057347669,-33.8807847085
101,4,25.5602280974,-10.8500028012
323,99,175.4252264564,45.6102490508
123,32,66.4197855790,-8.4942145312
307,75,1.5101172725,34.9555196423
122,26,58.9537693640,-0.5471730515
201,37,20.5081415069,-3.7612859919
322,92,41.2341621647,7.2551529220
321,90,311.5792085063,81.5611027645
222,62,58.7094260611,6.6777405263
101,1,16.1843836866,0.1111505932
318,89,462.6557254339,69.9686758746
102,7,43.1434561685,-22.5888957874
115,18,3.8661291454,2.8961780572
322,96,42.6422438760,1.4571481523
222,63,37.3784679709,9.3205085413
122,30,47.1778658625,1.7543397484
313,79,112.4959366861,38.6780731564
122,28,52.3564611781,2.8289096822
122,25,43.2556219502,6.9585145316
316,88,109.9351223302,76.1694058001
315,86,5.5206871765,4.8761462052
107,11,72.9606503357,16.7530766409
302,74,14.8161688876,-27.5878733766
207,44,16.1860907907,1.5367487377
314,81,0.0000000000,44.1666180796
118,23,432.5201577291,97.5234820871
221,57,442.8565752580,51.4839620951
301,67,11.5780284101,-4.9822492093
214,48,0.0000000000,19.5316364990
301,70,48.6351694493,-20.7706135782
215,53,1.2931982220,2.2924275400
--end of generation dispatch
