--generation dispatch
bus id,unit id,pg(MW),qg(MVar)
307,76,1.4094981295,15.6795994797
202,40,15.4726769876,-38.2354524752
213,45,121.3906144633,25.3274565606
202,39,12.3057396909,6.2121160130
318,89,343.9890750577,48.6908995806
313,78,65.5005724286,2.2358084051
302,72,19.5792328851,-4.8524018084
122,29,55.6144036389,7.4999923322
313,80,162.8819280402,10.3008945546
213,46,71.3210523812,-0.8614787489
323,97,38.6584969609,-45.7957280763
113,13,64.2553844624,9.7554921414
201,37,37.3125884277,-12.5826901224
222,63,61.2776613154,4.8205390739
201,36,25.9053334730,-12.2365306779
102,7,56.7464651214,-17.9205364713
222,62,40.5028154270,7.2606366687
322,91,38.6578081694,-0.3865924324
201,35,17.9120592153,5.5047486920
313,79,63.8052794379,7.4755277384
107,11,5.5143125670,-5.5579076675
223,65,95.3499842631,-57.8444220695
215,53,2.9300633219,-0.6011626849
122,26,59.3427437464,0.4914171875
315,87,107.0727462113,56.1677693340
301,70,33.9220256464,-46.5495111934
113,12,31.6197422310,-1.1045889988
115,17,6.2721725058,2.2791612591
216,55,33.0883697052,36.4306074183
307,75,2.4717555882,17.0862437991
314,81,0.0000000000,10.2615526676
123,32,89.8300400130,-32.9255318351
207,43,20.4530986480,34.9482935085
202,38,18.9465828150,5.8890785750
222,59,37.1931246866,-6.0905738143
122,25,58.4269448639,2.9700069826
315,83,1.7216775397,3.2240502159
218,56,275.3182099623,34.0007273441
222,61,63.7955966580,3.3042869147
116,22,28.2540795907,-12.9200998050
207,42,16.1602856277,2.1735884680
322,94,64.4131618255,7.9955997236
113,14,95.4859437742,28.7004089750
101,4,34.4940281797,-2.6820440564
102,6,20.7173457807,1.8732510491
222,60,43.1859737344,0.5584433845
323,98,76.5378076903,3.0413289533
323,99,148.4835982169,30.1212802462
222,58,48.1188024010,5.8759659342
315,85,2.4726441641,3.6912176989
123,33,109.4398871073,46.5841559439
102,5,11.1928159002,7.2381196296
315,82,0.9159897660,5.9544858101
322,92,48.4146177449,-0.6221182968
315,86,4.7873619791,5.0397732453
115,19,4.3748670720,2.4753182631
114,15,0.0000000000,-22.6292200678
115,18,0.0558200927,3.7261550727
302,73,40.1978661304,-32.7420197960
102,8,37.6470087245,-7.7451457373
107,10,9.5336449577,-8.1588263226
122,30,39.9438525167,-2.1377901688
101,3,15.8581583162,-26.4852662838
215,50,3.0342698048,0.5644225718
122,28,40.7204753942,6.8797273357
301,69,50.1991808305,-14.8466735853
321,90,327.5172676201,47.0812662307
322,93,35.5047286657,2.3999514970
118,23,301.7036869546,66.9306725967
121,24,506.3299361026,148.1331050025
322,96,48.0524342979,3.0792036231
207,44,36.8433020476,-7.7717922661
221,57,254.5347482405,23.2709773481
107,9,49.9354733899,-0.2676317743
215,49,0.5678690498,-0.4940718534
302,74,25.6488341465,-32.8301197877
223,64,74.8211691853,-10.9336321475
322,95,61.2510440388,1.3418277772
202,41,50.8430921358,-33.3288408170
307,77,71.8796830531,-6.3405124309
215,54,66.1903724343,-40.2369755914
215,52,2.2606840360,-1.4802853572
201,34,14.8980428926,4.5640433423
115,20,3.2414382081,2.4649383840
122,27,54.5136779420,-2.4345598626
315,84,3.2349732695,5.2154313614
101,2,21.2740547166,-1.0224109862
214,48,0.0000000000,35.1355363938
115,21,48.6286794998,21.6889650408
123,31,89.4542143641,-11.4038534564
302,71,21.6356791290,1.5345496975
301,67,10.7440429702,-3.7271768711
115,16,2.3322176683,2.8772671333
215,51,2.2588469508,1.8328367265
101,1,12.9734280865,-0.4279726206
301,68,13.4166404439,-0.1397827464
213,47,59.2944969152,9.0504550151
316,88,25.5429054542,67.2779348925
223,66,268.5951471212,35.7258324359
--end of generation dispatch
