--generation dispatch
bus id,unit id,pg(MW),qg(MVar)
313,80,75.0349088505,8.1527186525
307,77,7.3211452411,15.0259006139
323,97,64.8351435980,-5.2117003244
222,63,37.2480133772,-2.2552917677
301,68,17.0274915667,-0.3312742352
115,21,54.5038881941,35.4691566761
123,31,48.3351283024,12.5367318620
123,32,115.7231717895,-30.2613210054
207,44,31.4373478898,11.5113308184
222,58,57.9260283421,4.8565090608
302,73,12.5518868099,-14.8801807287
201,34,9.6737318463,-3.9786504894
202,39,11.7283416745,1.3545629137
322,93,51.8098640081,5.4832728774
315,82,5.8092236552,1.0165615399
223,65,78.5412960877,-0.7187457462
215,54,71.3411226282,98.5415821877
322,95,53.9316366253,4.1995769609
207,42,23.5231181676,15.4904850533
215,49,5.9443454886,3.7651874136
122,26,49.1053972056,1.7494984160
301,70,21.8094950185,-19.7107500099
102,5,16.8855771679,-4.4987326501
102,6,19.1837378539,-0.9752370607
118,23,407.2333951308,76.2462289585
201,37,36.3256585872,-11.6315204572
314,81,0.0000000000,-3.8843563693
121,24,430.9163192672,161.2098314489
202,41,20.1615604946,-36.2139642417
322,96,61.8184559246,0.6452850534
323,99,99.1065237376,-11.7217540677
107,10,30.6285890156,7.6749473796
122,29,36.9016777271,1.0537487034
315,86,4.0007544908,2.7201127419
215,52,6.3756786894,5.2665864978
322,94,45.8924732253,1.4538847773
114,15,0.0000000000,-24.8979640668
313,79,72.1004018210,-0.2179717135
223,66,199.2642012713,66.8962348089
115,18,4.3913557791,1.2304278967
115,20,7.2532808781,4.5231597935
222,60,43.1260383004,4.9242913626
315,83,3.6590459226,3.5634373346
113,13,83.0352557307,0.1349327476
301,69,5.7133781303,-34.7761942085
315,85,2.9966562287,2.1481527122
122,30,45.0158605853,-2.0186768781
102,8,61.6547638694,-5.2439286309
101,2,19.2279943848,1.5249792457
215,53,2.0970878801,5.6697486781
101,1,12.4120451153,-1.8134743396
122,28,58.7166771329,5.2958498367
313,78,103.7664121020,-12.7906326091
307,75,34.3001446580,9.8633137856
316,88,52.1236409111,60.1334831603
213,45,123.2355700604,16.2314696176
301,67,21.7165204873,-3.1589655962
216,55,77.6309404858,56.9554448598
302,72,17.2506251496,-0.0350247181
113,12,15.3877828114,2.8520700335
214,48,0.0000000000,37.2029561581
107,9,48.0442956182,8.4356033885
122,25,43.1104535762,6.0813447322
122,27,45.2709488886,-0.5258594582
201,36,20.9692768436,-22.3589643110
222,59,62.2116401620,8.3319455031
207,43,1.9387431780,2.5053937504
315,84,3.9595323783,2.9000568726
102,7,61.6547643109,-10.2502426574
318,89,294.7783791857,89.8864333648
222,62,36.6216567406,-1.6424200477
322,91,38.8866078540,8.4708073718
307,76,45.5938647465,-12.8309401462
115,17,3.6457311662,2.5785387792
321,90,424.3186488574,29.9037390316
222,61,59.5170042982,3.0901225019
107,11,24.5120145519,-9.2343392891
322,92,48.8019679173,-3.3846217565
115,16,5.1468542900,4.2641939179
201,35,14.2388648390,1.3603709062
215,50,1.3456570961,5.8295564240
218,56,314.7786592911,65.0709251580
215,51,4.0338763296,4.5408296814
315,87,45.6840653573,62.5188190360
202,38,14.6013653332,4.4188576403
213,46,62.0668305757,1.4052929701
302,74,21.3175953482,-8.8568969147
213,47,44.6398335453,10.8320229663
221,57,340.5457316369,38.8094400974
116,22,106.6221047366,2.8315116997
123,33,148.2665963717,-4.6239424343
115,19,5.4080294268,1.8089732697
101,3,44.6562950469,-21.3025435689
101,4,44.6562964591,-23.0181274578
302,71,13.9132011778,3.0881547502
113,14,140.6344302268,-32.0852940155
202,40,20.1615605670,-9.4766867172
323,98,85.5323549135,-28.9380913319
223,64,98.0904206292,12.3491310929
--end of generation dispatch
