--generation dispatch
bus id,unit id,pg(MW),qg(MVar)
115,18,5.6458076028,3.0508612311
322,93,62.1893483331,-6.0081166543
214,48,0.0000000000,13.3285696734
223,65,88.6717466054,8.4451169557
222,63,60.9675854398,9.5528380803
222,62,46.5052238223,8.3481021543
315,87,71.0333270922,67.9702011936
113,13,46.5636258909,17.0985350526
213,47,8.6713791149,-3.7632879887
107,10,4.8225516814,-4.0800852840
115,19,3.0686757334,2.1434018859
207,43,40.6080711796,-0.2169523235
115,16,3.8908095923,2.2754291113
315,85,5.0387888581,3.5980943672
223,66,112.1647984400,18.0624258040
322,96,56.6092353524,-3.6817023209
121,24,327.4359354957,150.4501495557
122,26,48.8116026600,3.8046392821
322,91,38.7541691773,1.2900342558
323,97,88.9892673126,-28.0745161084
202,38,18.1871892772,2.1936227000
315,83,2.8163274943,4.7109797945
107,9,1.9993095291,6.1540996927
202,40,13.8183419696,-41.2264587354
307,75,0.1315646071,27.1171335246
302,74,24.9484358006,-45.5934170061
313,78,71.5390494713,-23.2994051542
102,8,82.7703583426,-26.5117422258
202,39,14.7602517549,6.2930930909
122,25,52.1373278555,-1.6881332101
113,12,67.3031070786,27.8028376513
201,36,58.4020776716,-3.3384844973
322,94,53.2349371468,5.0708658716
301,69,23.8790480611,-22.8805016264
322,92,46.3654699759,-5.3213381562
122,30,51.5850704210,2.8649687298
316,88,91.6064552418,92.5909065783
201,34,15.2226075000,5.8583530321
222,60,56.5519436333,2.3831953410
122,27,60.0312412973,-5.3947916703
115,21,58.5935166277,4.2045840856
123,32,58.8163067598,-20.1531553993
222,58,41.0579794436,-2.4902978063
215,50,6.1629096252,2.9330343822
114,15,0.0000000000,-21.1532435373
113,14,39.9836668704,7.1333007989
101,3,59.0477064988,-35.0848922491
102,5,19.6527783918,5.1609787801
101,4,65.6649535316,-23.9361999372
222,61,35.1580309263,-3.3719852693
323,99,112.7665149484,19.8563555169
123,31,58.8163067328,-22.1206175966
321,90,308.4541392162,53.7372873042
315,82,2.1138225882,5.0905877700
107,11,2.5384232747,8.4124536236
307,76,60.8917983703,-5.9211560831
307,77,54.6334056987,4.2251287811
314,81,0.0000000000,28.3084729321
301,67,12.4350473699,1.9583284528
302,72,21.9382753748,-1.6496862174
201,37,17.8525373059,-20.9435031359
215,49,7.9666058223,5.1667445468
213,46,77.9574258690,3.8591948381
302,71,15.5256769538,0.7098463619
207,42,59.8225598824,-15.3864725009
322,95,62.5680501084,2.0395253425
118,23,388.5244353137,60.7383756627
301,70,35.6951694816,-17.9299488780
222,59,60.9868304013,2.0696103804
215,53,3.3123461960,3.7649817490
315,84,0.6632394072,3.8585898494
215,54,74.5183249274,66.8609307412
323,98,96.6975369076,14.0900916183
102,7,82.7703583307,-23.5464395887
202,41,15.2418984909,-41.4592022861
302,73,22.0832702385,-39.3873460872
301,68,19.0329218635,-2.7390892313
313,79,35.8765855453,7.3677633042
315,86,6.3936953830,5.9485684135
207,44,1.1748556106,24.1778701854
213,45,53.2559338005,-34.8158242876
101,2,20.1427471213,-1.4343207136
215,52,4.2237112869,3.1192091082
115,20,3.2285112850,2.5177918836
122,29,45.7229837775,-4.2262320077
115,17,1.6326315890,5.5591308273
313,80,110.3499043489,4.6489275186
101,1,19.1485855244,0.1966046583
216,55,79.9679193885,77.5673316234
218,56,301.2446655355,52.8641256983
123,33,55.5872475886,6.4228542183
201,35,22.5917593173,3.1696904908
221,57,446.2617135628,43.6344174903
318,89,465.7847068108,63.1901440781
116,22,59.2503116388,-21.0074569497
102,6,19.4469437967,2.0287196017
223,64,88.6717474443,9.9224630396
215,51,1.5732421619,2.7607714846
122,28,34.9582783622,-3.7658284284
--end of generation dispatch
