--generation dispatch
bus id,unit id,pg(MW),qg(MVar)
102,7,27.9676440438,-19.4039414938
114,15,0.0000000000,52.0438573527
323,98,95.5300965213,38.5712182255
201,34,10.0649128714,-2.0092101562
223,66,137.9656285944,-17.7390032078
118,23,447.7155195270,64.4764401941
215,50,2.8015882838,5.4519728893
113,13,98.2883055965,9.8613711109
102,8,27.9676448189,-34.2186715848
213,46,2.9401743592,23.5551250571
201,36,13.8225900788,-16.5724800836
102,5,17.5492159978,-5.2694692171
302,72,10.1780054029,0.4422302967
214,48,0.0000000000,-36.0437398124
101,2,19.7692342902,-3.7391593648
202,39,12.3890453130,4.8896561856
222,58,53.0948766519,1.2258741578
115,17,4.1230117701,3.2113960422
315,83,3.4727006746,5.2598345935
215,54,89.7848670610,63.7068172388
322,94,47.8602098616,2.3857225031
301,69,25.9198838929,-18.7274873651
301,68,15.9289219195,-3.0660104366
122,29,35.1729915230,-5.4790346468
207,43,69.2081018023,-11.2101206397
315,87,99.8732717517,91.3557424514
213,45,119.7072354257,25.7835520682
202,40,14.1168343532,-35.6207423400
102,6,9.9175989277,1.3263537720
315,82,3.0402674445,4.2226642809
107,11,37.9587292485,-4.9372679451
201,37,50.4287440605,-30.6094794286
222,62,64.6758984320,6.8370569883
202,38,11.6838459848,1.4093079546
115,16,6.5926724626,2.4238038158
307,75,68.2054560779,28.3752365531
121,24,460.3135391045,70.8960140114
314,81,0.0000000000,22.2033196871
322,96,58.3039234009,-2.5403905822
101,4,19.0440422281,-12.1587607212
123,33,264.1280902498,28.8422966528
222,61,44.0022867673,1.4223710244
122,25,40.7604520800,-2.0447421949
222,63,37.2425467975,-3.6232214259
316,88,101.7942818473,43.5354469742
213,47,71.5197185563,35.2620011375
301,70,32.1666788286,-26.1659197705
207,44,63.4130945278,4.1627672675
301,67,13.6482940610,-2.8625774445
123,31,53.1437224570,-59.7786516165
313,78,75.5617136538,-18.5055467620
122,26,43.2431665956,3.8082082724
322,93,44.1924112908,1.1711561565
215,49,3.1467652092,3.4267631804
302,74,18.7003578895,-26.8680707753
115,21,32.1622958731,25.4758690868
215,52,2.6635432819,4.3258898455
122,30,59.0046563451,4.1018376908
115,20,4.3109480105,4.3301819243
313,79,40.2866814523,-15.0205640484
322,91,53.7978803099,3.8452803829
222,59,53.7075331167,6.3184458703
207,42,9.6311014941,19.4444228939
302,71,12.2196774801,-4.5715867251
101,1,14.3599062276,0.1056181136
201,35,19.2608231827,5.1389885006
315,86,4.3035648057,4.6093045734
218,56,316.0288788678,61.6250386914
107,10,6.8628829822,19.0963949510
115,18,5.0499676334,2.1250692601
122,28,36.8811455773,4.9326706815
318,89,289.3669618597,48.5356499021
307,77,29.7752801725,-6.5200138687
215,51,8.1747145973,6.1425694607
222,60,37.7997719624,3.7912231871
315,85,0.3566021820,3.7195384164
302,73,12.5084399516,-24.1237887882
323,97,126.5622718893,-0.8094040120
216,55,95.6619929467,61.6946363268
215,53,4.8683222621,4.7248159116
321,90,367.7278256344,32.9568950694
101,3,29.1169984351,-27.9843183633
122,27,54.8545066974,4.8062587010
113,12,122.8089126150,-19.8842968136
116,22,39.1514687821,10.2965296880
223,64,102.2866023477,-8.5192589823
202,41,29.2023839631,-16.2930611740
323,99,125.1617332491,19.0636352257
107,9,32.4412638170,-1.0932849564
322,95,35.6479849725,1.7976492479
221,57,309.2436187827,30.7999943737
113,14,67.6430140727,-36.3067008279
322,92,42.6598637587,3.8803049386
115,19,9.2809809145,2.8064150816
307,76,11.4459792955,3.8762521517
313,80,82.2115571690,22.3748808619
223,65,102.2866000595,-8.7685249975
123,32,53.1437155998,-19.6558208795
315,84,6.3508171440,5.4348571926
--end of generation dispatch
