--generation dispatch
bus id,unit id,pg(MW),qg(MVar)
223,64,120.0050155477,-62.5370636678
322,92,37.3005022410,8.7073515799
302,71,14.2244017854,-2.8423574459
214,48,0.0000000000,17.2194169281
222,62,35.6193807275,5.7997623011
113,13,43.6887099319,29.4588828041
101,4,60.0777749440,-7.3607983468
102,6,17.3166847806,6.1391716422
315,82,7.3631326088,4.4023497054
207,44,32.6659014103,-4.0633948955
315,85,3.6675386469,5.9618366977
322,94,60.7755852490,0.4869301981
113,12,3.8743711082,-15.9707276325
315,84,2.5292657833,4.8402762873
115,20,3.1053659942,3.2107912422
215,53,4.9388319277,1.8889406233
307,76,6.2862634629,13.3878725679
302,74,14.0474541446,-15.6481215075
301,68,13.5675068905,1.3154669540
213,46,65.9833095336,-5.2858727820
301,69,7.2760551745,-23.1896109726
115,18,0.5876382964,3.8062548923
122,28,41.8195560536,3.7845293724
123,32,62.2556074654,-37.3990850466
318,89,482.5605924255,50.3707824248
118,23,456.5469098565,68.1044762135
115,17,3.6287154240,5.3400824152
107,9,10.4877937577,22.7692611786
213,45,82.7120486133,-9.2361758481
322,96,50.9670414914,6.4296733417
115,16,1.7994249781,2.1559756852
101,3,60.0777756154,12.1247624821
323,99,171.2259570970,85.9314470982
222,63,44.1277816259,-1.5194611555
213,47,71.2694283145,32.2019653253
216,55,58.3681182472,80.1233612304
102,5,14.6683260071,6.3566917413
116,22,69.2549657134,2.2016858204
123,33,129.5228257637,-19.5381281070
215,54,24.3642303501,28.2030520992
307,75,32.6599487503,8.9554190579
222,59,38.8651875147,-3.3931459937
315,87,24.3362467108,85.8425551524
113,14,104.8513515517,-13.1633149026
201,36,64.4077574327,-7.2699293741
313,79,38.7772314246,10.1457902133
201,35,19.3895245828,3.3706150097
115,21,18.9615587490,2.5594787645
302,72,20.5350497756,-1.1888031400
323,97,54.4814744146,14.4868393414
322,93,41.8360532982,5.8305659065
223,65,75.0544709209,-33.4829597792
122,30,51.5111475562,4.1042561523
301,70,18.0850031536,-35.3548554538
107,11,28.0053099074,-1.0160876414
322,91,51.6378087619,4.5850626739
122,27,58.1318838040,-2.8170493815
123,31,72.0789454252,-34.0863050816
221,57,288.9287133645,-2.7772697417
101,2,11.0053470240,4.6232328079
114,15,0.0000000000,-13.3070600753
202,38,16.2393521635,2.9051269738
222,60,35.6189388964,3.0816278335
315,83,4.5871910747,5.0867521077
218,56,286.9409148104,64.8576579262
207,42,50.1524333484,14.7781646405
207,43,68.5767734367,11.6274615260
215,50,4.2789334133,2.1265064791
307,77,18.1692410137,-3.9768457283
201,34,13.5915941412,6.4050425307
215,51,5.3244345884,2.4635595611
202,41,46.2823893555,-9.7992180169
301,67,18.4903809329,0.7645041714
322,95,55.6684390571,-4.6029612215
223,66,135.7409342257,12.7903124037
101,1,10.5424388847,5.1201213963
313,78,157.0924397969,2.4474634350
215,52,3.6424584695,3.4847416361
122,26,63.9906332975,0.5792719047
313,80,61.0341677846,1.6423706139
315,86,0.4046717290,2.9397304678
201,37,53.9909078296,-21.4431722315
323,98,40.2616715241,-11.1058105288
107,10,58.4882306062,5.9864404738
215,49,4.4751883991,3.2262377161
122,25,61.0250911939,-0.6804993617
121,24,483.2258978538,154.8748436935
202,39,15.3702350222,3.7421736622
122,29,35.9200651672,-3.2459534184
314,81,0.0000000000,14.1677882550
102,8,56.9478748775,-11.9772706499
115,19,6.0272944916,3.9763945720
321,90,317.3387085556,127.9189078483
102,7,76.9328950099,6.9680968394
316,88,109.0471076809,76.2950929498
222,61,51.1933361083,7.5678310534
222,58,37.4553229516,2.4057843159
202,40,4.8057150597,-22.3824124499
302,73,28.4607380125,-19.5655937183
--end of generation dispatch
