--generation dispatch
bus id,unit id,pg(MW),qg(MVar)
315,83,6.5233588785,3.7982767628
222,62,64.6382895315,3.5460150610
215,51,4.3809076495,5.4562758426
207,43,55.0008892291,18.1210800519
301,68,14.5908342854,4.2667324289
101,1,14.6289716558,4.9258197995
323,97,40.0444391566,-3.4678728843
207,42,18.0754560872,-0.5912621223
101,4,34.5250955919,10.6254326562
207,44,45.3979149752,10.8508008769
115,17,2.4833207675,2.3111125871
215,52,3.4938605662,1.2199121114
301,67,14.2962783367,0.1481782630
201,34,17.9816384546,4.6639181915
113,14,139.8335346276,10.4993310007
113,13,137.4556959931,29.6245668604
223,65,85.1297967724,26.3555984815
102,7,52.2682567457,-4.6732011444
223,64,93.9095601760,-12.2083756884
302,71,12.2178639305,1.9095601499
202,40,24.7758039752,-19.9468873745
115,21,39.9517064854,2.2183551833
102,5,10.7337885343,0.9767307365
218,56,253.6586281128,66.0378876235
222,63,44.7697116661,5.9189198120
221,57,228.6954560703,26.6195664766
115,19,1.4808042770,2.4166204524
315,86,7.7000470008,2.3403572032
202,39,18.2235232149,1.5419276317
215,53,3.5234525562,2.0123168187
122,29,54.7006615597,10.3931134943
307,77,40.3333897551,2.6659618451
316,88,30.6914964891,62.2233254988
314,81,0.0000000000,-7.9686786011
323,98,108.5794408382,-23.0425038016
115,18,4.1693027528,3.3034601576
322,95,39.7859570846,0.5316266964
307,76,35.9719095787,16.4171527272
315,87,46.8486778649,63.2627081747
113,12,47.8699826949,-0.7974954719
315,82,4.6772724810,3.4859207057
302,74,42.8428133280,-23.8236704584
123,32,75.8496491583,-48.9057850690
118,23,314.4350822263,72.2288182562
107,10,59.1323379322,-3.5322908427
107,11,35.9301331325,5.0861520399
322,94,47.9962088676,-4.1197310423
215,50,2.8047507869,2.4289668726
123,31,33.5798619198,-7.4760902340
122,30,56.8644340985,11.6521943921
201,36,22.9751702518,-4.9878125890
222,60,47.0923478895,6.1390774928
213,45,20.2371046343,-2.4529143755
315,84,7.2169182857,2.7168354205
215,49,0.3231888035,4.4340177818
321,90,242.0983812857,49.9155137107
115,16,1.1685484390,3.1655644719
322,91,48.1504831250,4.2454240315
201,37,5.9813993088,-13.7315686517
322,92,62.2281910825,0.2692073409
222,61,44.1788158373,6.0359481380
122,25,47.8020498829,10.2190243847
322,93,50.8169540410,5.9851469333
122,28,63.2346044152,10.3112561724
307,75,11.0589789751,0.0278559062
322,96,50.9389819015,6.5771771675
101,3,34.5251075561,12.8022962609
201,35,14.0855713257,1.8859404834
115,20,3.8509913323,2.0473880932
213,46,48.8990910248,-4.2045222655
302,73,34.3765815204,-18.1573487940
122,26,59.4071622795,4.2264188313
315,85,3.1198137571,2.9094938224
302,72,11.0725840623,-1.5622837064
222,58,35.9199869440,3.0018040146
301,69,30.7676679263,-35.6587332126
318,89,263.3194826691,33.0961533175
223,66,178.5221032901,8.2593056429
123,33,207.5855836612,-95.3121921286
222,59,54.2052406579,-0.1144407401
301,70,40.4083898992,-26.2550407087
114,15,0.0000000000,43.0148297785
122,27,43.6601966011,3.0478349203
313,80,81.8267384384,-21.8899112208
202,38,9.9093349356,-1.7389300103
216,55,6.9243292355,33.1388494090
313,79,140.3966696685,9.8248693710
313,78,97.3835198297,-5.8700608893
215,54,98.5035358273,-26.1443543777
107,9,43.6942656140,2.4416227354
116,22,38.0548186773,-53.1579229599
214,48,0.0000000000,43.6346703818
102,8,52.2682511592,-13.9581792073
202,41,43.0348029166,-16.1078739646
213,47,45.8191915174,22.8326359431
102,6,20.3935776910,7.4188646986
121,24,360.0337502834,158.7263406369
323,99,254.9894220904,38.9231169237
101,2,11.2316394565,2.2892550546
--end of generation dispatch
