--generation dispatch
bus id,unit id,pg(MW),qg(MVar)
222,61,38.2075474933,2.2162684231
222,58,55.8598963902,8.0923331477
213,46,41.9331149877,-6.4233243724
113,14,115.2667088897,9.5462574539
101,2,10.4051987522,6.8494352425
115,21,18.1735447219,46.4103667433
115,18,4.1163891862,1.3601776175
315,86,3.3138220279,2.4161469661
113,12,36.0103511592,-14.5743077818
202,40,19.8648417363,-15.4555201096
215,54,55.5410055019,78.8695734723
122,26,38.6940592633,3.5628174557
313,79,127.0584870722,-10.7465578456
113,13,86.7647356603,35.2755322118
122,30,38.0124864484,-0.1555162744
318,89,331.3758960832,52.6681770923
215,50,2.0451468862,5.9519783037
107,9,50.2874894906,24.2909931733
202,39,17.3651510060,3.4520596437
214,48,0.0000000000,-6.6935976371
307,76,32.3276784848,21.9320698362
215,53,7.8178084886,6.0409763228
323,99,242.1133731725,17.8312210185
201,36,22.1305819357,-2.2716727516
313,78,141.0592922164,7.1058931238
107,10,32.2583867551,-7.1276842495
216,55,36.2772704120,53.6954790119
115,16,6.3619138538,2.7082062500
322,92,64.8667162714,4.5529101375
222,60,35.3341624034,-1.8709287711
313,80,54.6535180963,-15.7892924633
323,98,3.7188299232,-8.4455693826
215,51,5.7225365987,5.3997611205
118,23,430.7767660414,-20.8203994130
123,33,283.9926726338,-5.2309748548
221,57,244.5936353383,55.1229262418
222,59,43.5713362098,4.3640986788
223,66,101.8150714440,49.1123683967
315,84,5.9756657938,5.0444010875
207,42,68.4796664410,16.5416588973
215,52,3.9685431823,4.4585557662
202,38,13.0119414709,4.1183236377
302,72,14.1993235538,-0.7000036632
302,74,39.7771984953,-16.4775743331
315,83,3.8465826609,4.4156937354
123,31,65.9986735619,-19.5966579124
316,88,34.2588313929,45.5755879172
114,15,0.0000000000,33.4379775005
115,20,6.9115401685,1.9096550163
107,11,40.4678420548,3.3821175639
301,67,17.2928965574,-0.8390933872
223,65,94.5583256933,-32.9556044725
115,19,3.4773494809,3.5261083505
116,22,35.2484700629,-22.6961902840
218,56,255.2669309544,-23.1152741640
322,94,44.9971480142,6.7163625424
101,4,40.5539760429,-3.9932844159
201,34,17.2844334814,1.1698811641
202,41,6.5073203399,-30.6045716794
213,47,73.6725035332,4.6608532432
302,73,15.4653357284,-15.0480480322
101,1,16.6854121862,2.0661326585
307,77,56.6862581649,-14.3938136211
121,24,451.2690091692,147.9790099881
102,8,59.3244120562,-9.0948709083
102,5,16.3971093783,5.3429638524
322,96,46.7941852227,1.0308905041
307,75,39.5566743240,12.8798077777
302,71,21.9844051684,0.2513874142
222,62,40.1703232024,-1.1355288241
301,70,32.0143990068,-24.3525591731
207,43,28.2169954688,6.4386332361
223,64,64.8433011177,-23.2938484346
301,69,42.2335574829,-8.2034143476
215,49,1.7262212373,6.8502281958
315,87,41.3384748208,85.2080801728
321,90,307.1377322705,26.7875423963
322,91,36.5535764709,5.5534760277
315,85,2.1212856172,1.5846882612
115,17,0.8572436848,2.9605464959
213,45,71.2018370793,12.4001988978
122,28,36.2900936709,5.3019585882
102,6,19.5742128678,6.3321128295
222,63,56.2364031966,-2.8630398363
201,37,16.1984690185,-3.2322340030
314,81,0.0000000000,23.6885103738
322,93,47.4522794677,2.2815710058
122,25,60.4103528534,-0.3063915872
101,3,40.5539747110,-5.4785713008
122,27,59.5497184958,1.7440916204
315,82,8.4160645503,2.5114265865
201,35,18.8297719061,9.2406950774
301,68,16.8902152273,0.3387816114
323,97,114.5469826468,-9.4678261182
122,29,38.7146865263,-2.0738909923
123,32,80.2842409040,-50.4715759714
322,95,64.7646623464,-0.6652386295
207,44,55.7782338688,7.5752184268
102,7,59.3244112312,7.5524876324
--end of generation dispatch
