--generation dispatch
bus id,unit id,pg(MW),qg(MVar)
122,26,58.4911040298,3.7594381219
318,89,461.8342438064,57.8069972655
301,68,17.6977638586,-1.0239335384
122,30,44.2835184687,7.3004644955
201,35,18.3507643784,-2.0317714084
223,65,67.5817916272,-36.1857158379
215,51,0.7739573720,3.1891749088
115,21,59.1279804072,37.8927471394
122,28,44.7487786144,-0.2222457755
323,98,87.7914242724,-38.4587107071
101,4,9.0732750339,-25.1444665052
113,12,33.7446538251,29.9799601443
314,81,0.0000000000,13.6379136062
201,34,16.7587692417,-0.1601418967
315,84,0.7182511184,3.8442378016
322,91,53.5292804470,-3.9780941330
222,62,57.5624725869,9.0658020648
302,74,32.7256327709,-11.6694235510
215,49,0.6016358625,3.2094433007
202,41,12.7975730189,-13.9665411883
202,40,35.5774816737,-20.5583251825
307,75,54.3223124246,26.1989205345
113,13,115.2035969710,6.1357336891
222,60,51.3372237416,5.1893711474
202,39,12.2637453589,1.3900106221
322,95,41.8011878241,5.2206003429
207,44,21.9628540854,2.2927601115
115,18,8.2366602102,2.5041579943
115,19,1.1950272087,2.4734792733
115,20,5.3374242470,2.0018189780
201,36,12.7516257670,-10.8208847446
301,69,51.9340768331,-29.2832532035
207,43,24.7028173246,22.8494649156
222,59,51.7314293696,2.3916726248
323,97,52.4965411049,-15.5583591326
302,71,22.4198085658,-4.2455599369
313,80,69.1426635578,-2.4303988806
313,78,70.5053273508,4.0641816967
213,47,94.4498859894,33.2624286697
222,58,49.7570736491,0.5942738166
122,25,63.7587534833,4.0830554580
322,93,53.3899985506,6.5011839592
215,50,9.6460345256,3.5954514168
323,99,193.6497058398,31.9244315723
223,66,107.9834629570,28.5188284808
321,90,363.0979619285,65.1708886213
101,1,20.7766145059,-2.4962541421
102,5,17.0865451598,0.8574367810
315,85,2.0657784604,4.5977796028
118,23,304.9988455786,73.4542601382
115,16,5.8696499822,3.5563617122
116,22,42.2222580878,-19.7431219258
218,56,438.8001748082,76.2778363408
315,86,2.7579583037,2.1556464719
113,14,41.2411832124,41.3544746822
213,45,52.7874719742,30.0350167177
222,63,46.2076017278,2.0172885228
223,64,67.5817931461,-21.9809244506
315,83,6.6336263436,2.3871647823
207,42,44.7914496378,-17.8395466996
201,37,33.5627286214,-10.9862522179
215,54,52.3101132817,58.6091377494
214,48,0.0000000000,-40.9948180099
301,70,43.2003411649,-16.0936741822
302,73,11.2844093361,-22.7016941417
322,94,40.3974478060,4.2473293836
101,2,11.3365446234,2.7988114666
322,92,57.1288592877,-6.0317587129
215,52,2.7429066779,2.8608811078
313,79,110.7500587847,9.8856482410
221,57,451.3283077524,52.6762576055
102,6,17.1334395016,-3.3595824449
115,17,5.6862567517,3.8701049980
307,77,16.0446073102,0.1725121838
302,72,14.2618313774,-4.5340627064
101,3,35.7386019195,-9.9928964671
315,87,75.3975894905,78.9214495054
122,27,53.2148853095,7.5008706043
122,29,44.8645517730,-2.0098680199
102,7,23.8221524457,-18.1956134343
215,53,1.6478873253,2.9010626426
316,88,54.1173227730,71.5664090634
107,10,48.4430875780,6.7549820716
121,24,458.7637992812,120.4403101428
202,38,11.4422468553,1.4364247610
123,33,185.1448039651,-47.6930804765
123,32,48.6277909460,-6.2908510152
107,9,47.3693641066,5.8121414434
216,55,58.3489624849,60.4964297385
315,82,4.2055675853,5.3787533414
213,46,134.9192839471,3.0967243913
307,76,4.8190984019,-3.3070802122
301,67,11.8197956632,-1.7345308843
102,8,23.8221351571,-43.4301664943
107,11,11.1529163863,19.6114196166
123,31,44.9429010489,-10.7742207606
114,15,0.0000000000,-15.3697569005
222,61,47.3350721778,3.0248236251
322,96,57.3271168974,7.4565857878
--end of generation dispatch
