--generation dispatch
bus id,unit id,pg(MW),qg(MVar)
222,58,51.1340047440,2.6220084386
223,66,115.6816095328,76.8877680717
115,19,9.5251735875,4.3962375778
323,98,38.4169892921,-22.5128474506
315,85,3.7030645616,5.0329962651
223,65,62.5083521521,-37.9234546960
307,77,36.5947082720,7.3947735683
215,53,3.9162100778,-1.2715672112
202,39,18.4810970262,3.4716712288
215,51,3.6252313175,-0.5237647582
202,38,18.0474747987,3.1246943794
215,50,0.2059118415,0.1585726306
207,42,26.2626131764,-9.5259193286
218,56,422.1514115355,74.1957092832
322,93,39.1361888473,-2.9500532284
213,47,3.5725363421,3.8423487910
302,72,18.0294334622,-0.8131787317
322,96,38.7554094427,0.7416664542
102,6,16.0596015086,5.1935603333
207,44,23.4700103363,27.6607639971
113,14,93.4126344510,-7.9859885571
315,84,6.5175658469,4.6880342721
101,2,20.4555877234,4.0509698464
215,54,26.5764963736,3.9240818401
215,52,0.7725227379,3.0810187600
222,62,59.4605414497,5.1169071558
301,67,10.1654799248,-2.1252921215
222,63,37.8034525176,-1.0124389979
118,23,430.6560393658,179.1152629291
107,11,43.3019647379,-20.4944241411
107,10,65.9974983835,15.1405631743
202,40,9.2552005930,-34.8886560554
301,68,16.4898371019,-3.3819045789
102,8,65.4149338562,-8.6273951557
323,97,57.6359964655,-22.1089283612
115,20,2.1458622425,3.6508064057
315,87,59.1617863844,87.2122216588
102,7,65.4149353309,-6.4698101613
201,37,11.9464949855,-13.6319885710
222,60,44.1681933727,4.1158020339
122,26,40.3004407087,13.6600261474
123,33,30.9344690414,7.2796845917
122,30,40.0839597867,6.5166610812
313,80,131.3493044391,1.0280172452
101,3,46.5016543985,6.9292681800
122,27,39.2979205046,10.7982879696
113,13,62.9267893947,-1.5308804570
322,91,48.6376892076,1.7172785679
115,17,5.4986921760,1.8807683313
223,64,42.2209941805,1.3163209657
222,61,50.4627008850,6.2665932230
302,73,2.8007506305,-22.8173964517
222,59,36.8369655425,3.4762064151
322,92,61.1352936480,7.7016387581
116,22,53.1127264832,-50.7917784930
301,70,21.5025836964,-15.8611920038
315,83,4.3067508439,3.9114874020
123,32,56.0588509255,-33.1124570569
221,57,418.2523326984,42.8919714787
214,48,0.0000000000,73.1644930569
301,69,49.3630372122,-9.5230745284
121,24,428.4734747612,77.6156722067
114,15,0.0000000000,23.6459557906
115,16,1.7258015626,4.4428164540
101,1,11.1677014403,7.0676560465
102,5,11.2606429382,3.2367201267
201,35,12.9107951712,1.6060425879
318,89,461.5793843153,75.4807256308
215,49,2.0334959234,-2.6225022899
313,79,130.1776207663,4.9374539613
313,78,146.2257270117,-41.2056247033
123,31,110.0960308575,-37.8354693125
207,43,48.0624052684,7.2317065785
213,45,147.0542463035,16.4786903295
314,81,0.0000000000,1.8483588066
107,9,26.9654575863,1.8090487646
113,12,79.6386350050,44.4608727699
321,90,434.2365579229,37.5346237015
201,34,18.4736758690,5.9929268072
213,46,126.5869126967,1.4368659120
122,28,58.9027934843,9.5745719014
115,18,3.7918887170,1.5059306290
216,55,57.7158480461,56.6625851409
302,74,18.4251338756,-24.7250388860
307,76,16.7305785289,1.5590134309
202,41,45.1883570800,-19.0628693357
323,99,50.2870297413,23.5865485334
315,86,10.6252298724,4.5057060597
201,36,8.9597639486,-5.2559136484
322,94,52.3942776489,5.0149997901
307,75,74.2538267944,9.8409600779
115,21,86.8209076971,-34.9873014097
315,82,1.1412177356,5.4744013048
322,95,44.0299306180,0.9466430189
302,71,13.8766706601,4.3054933194
122,29,53.4845512030,9.1944427209
101,4,46.5014744705,-4.8676248276
122,25,41.4398106882,11.2236029036
316,88,109.1238658708,84.4805301962
--end of generation dispatch
