--generation dispatch
bus id,unit id,pg(MW),qg(MVar)
323,97,93.5550446077,14.4533241313
313,78,25.6121773860,-13.6940052578
222,60,46.2781115285,4.2362325472
207,44,47.0063142758,-5.3973617255
314,81,0.0000000000,56.5197363517
123,32,79.8390828033,-21.8302057703
323,98,108.5524623042,43.1542792962
102,8,77.9551646112,5.5854973568
315,83,5.1241074885,5.4396981283
122,30,42.0599829975,13.7735866399
302,71,14.3956633649,-1.7547489429
322,92,46.2336103912,6.4347189462
318,89,363.8808999151,51.1515084611
215,52,7.0295821248,2.5105900032
213,45,22.3446172470,-1.3931022906
115,19,0.3604633224,3.5581840939
202,40,3.4608539689,-19.7197937599
322,93,46.4253323098,-0.0511162241
223,66,126.8175823265,-16.4863774236
315,87,80.0536731687,96.0904927199
301,70,24.3570438544,-23.8548579518
123,33,113.3833489213,19.0936290206
307,76,17.7617120773,-11.8652164394
222,59,44.2992669846,4.3735589097
115,17,0.0167601192,3.3974641325
115,18,1.5724311647,2.3202077665
202,41,30.5154318631,-26.2671967176
316,88,85.7566604007,45.2513414804
214,48,0.0000000000,14.7358384555
101,1,11.8676173021,0.6933245618
322,96,39.3346601553,0.9580930791
302,73,13.9489352679,-45.6888665137
107,10,21.8610700177,-28.0804305066
307,75,34.9121609066,15.1263286685
121,24,484.1998603858,141.0558477215
215,50,0.2328704688,2.4425249700
122,26,53.4537285018,9.4260019382
113,13,136.2876994234,-11.1828915339
116,22,52.6450419543,-70.4380662361
213,46,57.4519697646,16.3773844175
115,16,8.3334425384,1.6792866408
223,65,90.3292399502,-38.9690941624
222,58,61.7363586546,1.2118991725
322,91,64.1069738558,2.4653858483
102,6,15.5984712624,1.6660318162
315,86,2.6417666361,3.8848266128
101,4,62.9495175063,-10.5899279626
123,31,63.8715569409,-10.4909687529
313,80,5.5864981227,12.1319517336
115,21,13.9395777946,-24.3288890876
122,25,44.2858604655,7.4284453752
107,11,27.8669919322,19.3839700123
313,79,58.1864054317,0.2798499294
201,34,11.4929246335,3.4576122063
213,47,50.2754190428,17.7695199336
122,28,60.9265918179,13.2434294029
215,49,4.3307928107,3.3168133286
115,20,3.9011946801,2.4114455689
301,69,45.2520649754,-21.8675979160
201,36,33.5193138266,-19.2039675560
222,63,53.9000095813,3.0015084772
301,68,14.8414956724,-1.4128472127
323,99,267.9062997054,0.5532366128
101,2,20.0602754136,1.8640622101
322,94,44.5668645311,0.9296032726
201,35,12.8015335331,2.8494003930
315,82,1.9363081733,2.4732452972
315,85,1.8812468734,2.0920120734
302,74,11.0493636118,-29.3653129791
113,12,38.9644826968,-22.6953359338
201,37,42.6506999608,-30.5827433693
215,51,0.1596599600,3.0624376889
122,29,39.3137434159,7.1295849958
113,14,122.8775868803,17.5770603025
223,64,101.0635625609,29.7262732321
222,61,60.8202709038,6.4735738155
222,62,51.1188425184,7.2087142095
118,23,511.0398139907,125.7989322788
322,95,49.4286373040,1.7252672908
315,84,3.8802971853,5.4836321820
207,42,53.1740721293,-8.4193359767
202,38,21.2449509007,2.6120635097
215,53,0.1079057547,2.9088246472
122,27,62.6468912779,10.5188128738
218,56,367.2985767880,73.1719762190
321,90,305.3737762139,53.3141051354
216,55,42.8991146544,45.5090166755
301,67,10.6668341521,-2.3868384299
307,77,53.9760453758,21.5552554511
102,7,89.3065041248,-15.3767117938
207,43,15.4363530938,26.0098246454
302,72,21.4234533966,-4.1253282670
215,54,35.9954836679,7.7985785120
102,5,19.1126202258,3.3439226367
101,3,62.6217832366,-13.3248780502
107,9,11.6349560038,0.5399178610
221,57,282.9717199812,38.7213140526
202,39,12.3783003832,3.5617057148
114,15,0.0000000000,19.3684067896
--end of generation dispatch
