--generation dispatch
bus id,unit id,pg(MW),qg(MVar)
101,3,35.9780847738,4.4710230867
115,17,3.5766275653,3.4622510281
122,29,54.6847878238,-16.5099929661
302,71,9.5428087279,-4.8384536957
201,34,18.8861010973,3.5636103142
202,39,19.0027116492,3.1972086900
221,57,261.8886539897,38.2171046535
322,95,38.4539756275,3.6288490577
314,81,0.0000000000,19.3138747241
323,97,29.0254557495,-16.1429641590
201,35,16.9645511013,2.8133948016
115,21,71.4100061170,44.7113636063
122,26,37.9403964132,-12.5016790968
222,58,54.8906390072,1.8761337258
315,86,0.0311332465,6.0845159979
316,88,89.1608351541,72.2409451828
216,55,107.4818231496,55.9181058348
118,23,369.4815580715,140.5214408144
315,84,3.1063612745,5.2127990199
202,38,12.4491762797,1.6654979090
113,13,24.8887013676,-11.8044897728
101,4,35.9781307998,5.3474196303
313,80,75.8858555886,7.9234229860
215,50,2.8725506155,-0.2016255474
318,89,287.0473494378,44.2302218077
102,7,62.6510724683,-0.7711896530
115,19,3.8096913521,2.3142667255
222,61,62.9173455440,5.1167159356
301,67,20.0333641280,-1.3782212718
102,6,18.7939067848,7.7333523944
213,47,134.5868304141,29.5194790871
202,40,34.6219615689,-23.6286979140
222,62,37.3435385182,7.3978416881
101,2,20.5144591802,4.7742561998
122,30,52.4467363679,-13.8908809269
301,68,16.4008204784,2.8237541684
122,27,52.0195995835,-4.2531674413
123,33,170.7848771161,-58.4136224522
222,63,36.6098343936,8.3254040543
322,92,58.6778259210,7.5859365401
122,25,37.5823987699,0.1726013896
321,90,399.7023114292,41.6818517291
113,12,78.9314815891,-5.1533526617
323,98,64.6958657415,-7.3429318405
213,46,82.6813692751,-7.8101233199
301,69,19.2008466477,-32.1373288578
115,18,4.3896020569,2.0317860195
213,45,75.2129115633,19.5982563442
114,15,0.0000000000,-28.0538373751
302,72,12.6593880441,-1.5046852141
122,28,54.7542696311,-2.4531409277
215,54,50.0507299088,-20.0729164234
222,60,61.2084008876,4.8182122075
121,24,309.5906996886,66.2046257602
102,5,18.0473202824,3.3500232079
322,93,61.7229501231,1.8964175619
207,43,21.7067392886,23.3285409336
107,10,6.3148343501,20.5718049481
207,42,23.6278553673,3.3241849318
307,76,38.8479721980,-1.6151826980
214,48,0.0000000000,23.9777518861
123,32,92.2062068412,0.4050185070
323,99,213.5367443171,40.4531542941
215,53,4.6550646238,2.3562327611
322,96,55.3863179244,2.2517508193
215,52,1.3346633103,-1.0096795606
313,79,121.7634324972,-22.2140700027
222,59,56.8346611859,0.8521376535
113,14,124.8037848511,11.2134323012
315,82,9.0753492132,5.3643109859
207,44,39.5895790882,32.6144552419
315,83,0.4838927685,5.0034369706
107,11,40.7593222629,-3.0074094204
322,91,40.9836870412,2.2580082618
313,78,136.5961013169,34.0763474225
201,37,41.2842548363,-24.3229235836
322,94,56.6253204996,0.8089231942
223,64,29.6859335800,-19.5869331424
101,1,9.8606273838,7.6949687013
116,22,118.3715257395,-24.6318911315
307,77,35.7984238634,22.6925730664
307,75,36.3083846987,8.3047999184
107,9,40.0357436135,-0.1908220017
201,36,9.8311642158,0.0535593161
115,20,1.5036798645,4.0729450384
218,56,224.7391307707,70.6115522040
301,70,23.1381798574,-10.3428446705
102,8,58.4029524076,-6.7511102970
315,87,37.4793547236,60.5737004086
202,41,12.8897143803,-11.1396374597
315,85,3.8301880259,3.1504022765
123,31,58.3567294253,-52.4186987968
115,16,2.7861213254,4.0371723211
223,65,82.1233636636,-18.3673319250
223,66,96.0979392113,11.6055441240
302,73,24.2163272453,-26.9661288282
215,51,8.6269551996,1.2650194413
215,49,1.7820290712,-2.2749366762
302,74,25.9411043182,-17.5815108772
--end of generation dispatch
