--generation dispatch
bus id,unit id,pg(MW),qg(MVar)
102,5,17.1551389575,1.9691409608
107,10,37.6104965433,20.2118078516
223,65,36.7594693527,-55.9265981445
316,88,105.3649009784,65.1988603141
322,96,35.5233518913,5.4247701597
323,98,82.2718525333,-10.3388066138
101,4,62.2983179578,-31.1340980295
213,45,64.2743370837,26.8116934964
222,62,63.5480548061,-1.4488560434
101,1,15.5158761526,2.0008263138
201,35,15.1790087044,-0.6450029109
313,80,21.4658246103,32.3354523992
115,16,1.6708623033,2.4303556983
122,27,63.8029685422,3.7118653255
223,64,59.0015505491,4.6596229810
315,85,5.5929783661,5.0960741542
202,41,33.9982272432,-40.7333513144
102,6,19.1880553465,6.2416795382
222,60,43.5435904625,6.6004594339
314,81,0.0000000000,-17.8811639228
222,59,36.2075616808,8.5278302024
116,22,39.3239940217,-82.1175781123
221,57,361.1710778618,36.5666772871
315,87,54.0219512464,76.4227988738
307,76,11.6927350056,12.6378846985
322,94,56.8758182455,6.3415817472
115,17,6.1076330835,2.9028043635
323,99,86.3698564621,-63.7331938998
121,24,293.5874458027,180.3706574553
216,55,109.9527447617,71.7973681617
113,12,89.9395088835,15.8631353009
202,38,18.6751451254,-0.0259555514
207,43,39.4059193449,22.4184461161
302,74,34.4084121405,-21.2920915118
301,68,9.2205306229,1.1313954604
315,83,0.0967207590,3.1389427176
302,72,21.3071534294,1.2555404938
215,50,6.8280448998,4.0805030820
122,28,41.8577261657,6.4844734263
301,69,13.7791315443,-17.6205806125
321,90,325.7541938688,43.3357653520
302,71,15.8614646491,2.7619166598
222,61,58.1327985569,-0.1075170680
223,66,124.9889010750,-29.0504270393
101,3,57.4076093007,-41.2255366150
113,14,144.2123106258,25.5756330411
113,13,94.4050140422,-22.1174126710
215,53,0.8043280535,2.4110500264
101,2,11.0254105210,2.6580566133
318,89,410.9987662548,61.3975879566
201,34,12.8427209708,4.8165808466
313,78,120.6124631069,2.9972747953
315,84,5.2459256488,4.6090752101
122,25,64.7116476965,5.7483120418
114,15,0.0000000000,41.0960068888
107,9,20.4791681969,-6.5479716818
207,44,59.9503522087,-4.1322358548
213,47,90.9380444556,17.3530498469
307,77,16.4053686522,5.3392687466
107,11,14.8374549928,5.6590248717
302,73,28.0894594132,-27.8417591971
323,97,75.0600014184,-13.6796597466
118,23,431.9118002421,83.5431908628
123,31,36.3473490856,-17.9925941578
313,79,100.8161421104,45.6645029541
122,26,50.1608985818,0.0794535430
207,42,66.3963977690,-14.1875743369
202,40,25.7672145972,-2.7895802214
315,86,4.1127758915,5.0832874297
301,70,35.9670511957,-29.5682541199
115,20,2.4672109232,2.3302699010
123,33,12.2999170472,-13.2891583784
201,36,17.7013085055,-40.3951801999
307,75,63.9948666829,-0.3475578274
301,67,18.4180232618,1.8112599456
322,91,41.6721606156,-3.0567515308
102,8,61.9302953256,-10.9271952961
214,48,0.0000000000,-56.5918038592
122,29,55.2336367608,6.6005792514
202,39,13.3166115231,-3.6599977176
215,52,4.2349385193,1.5056975707
215,49,0.3134797429,2.9755035244
122,30,62.7404202909,3.0726695134
115,21,94.4078619599,32.7383507040
322,95,43.8101503992,3.6631524958
123,32,35.9739632440,-14.7538150030
215,54,101.9372378538,43.6933796416
115,19,0.4586389794,1.8349644482
218,56,294.1134845463,64.3858393321
322,93,59.5432550571,1.5829191156
115,18,2.5062868063,3.6338619388
315,82,5.4505408798,6.0455079825
213,46,75.9788265118,-5.1880950710
222,58,49.5841588445,5.6571421141
222,63,61.1199092531,2.8600836135
201,37,14.5242835716,-1.3052207066
215,51,5.4516124555,2.2374844436
102,7,73.2667761985,-23.2497255538
322,92,53.9487887727,1.1609184172
--end of generation dispatch
