--generation dispatch
bus id,unit id,pg(MW),qg(MVar)
115,18,6.5048209888,3.0764050016
122,28,62.8755307763,-3.0249497975
121,24,349.1875256455,128.5707513125
313,78,160.4211647647,-3.0625285925
116,22,48.1212284741,-71.8900284846
307,75,21.6678163163,5.5523937647
322,94,41.3397724916,4.9766060485
322,95,61.5298044200,2.3810090428
313,79,78.4827118593,-27.2379931249
216,55,16.4322785562,64.2155983061
207,42,89.2158887945,0.9034891004
321,90,315.1544215580,77.5640574730
218,56,354.1210294336,-25.7211145424
102,8,71.0841498784,-9.1402058278
322,91,45.7755858694,4.7653323282
122,27,41.5128766457,-7.2892312429
302,74,18.8722027611,-27.1888647573
307,77,40.7708523433,8.0777867442
202,38,14.5909647399,1.0039123949
213,47,95.4541252196,45.9345799382
302,72,20.8799054302,0.8062520686
101,1,20.3558295575,2.9919288045
102,7,87.4257370604,3.3342445441
102,6,21.2928807032,4.1245122344
123,31,7.8958048444,-87.2610882479
222,62,59.9175380217,-0.7598439011
222,58,64.0373321314,-4.3880889846
215,53,4.4881550490,3.5403573920
202,39,15.4114292441,0.4238494815
223,66,155.6798292677,2.2225429646
301,68,13.2596923008,3.3877762516
302,73,32.9740055365,-12.3703482596
315,84,3.9041320204,4.8675155309
322,96,35.6510645760,-1.8156023139
107,9,17.0145767210,14.6694927613
301,69,29.9768279550,-32.0288025094
222,60,55.7959147872,-0.1352652150
323,99,100.6161645164,-3.5906875099
115,20,3.1669030856,3.7835072465
322,93,35.0767064878,1.8042608322
202,40,51.8119985761,-36.8259161984
221,57,329.3943913814,-9.7710574588
322,92,56.1235979185,2.2921273650
307,76,62.6135157166,10.7718124484
315,83,5.3864298398,4.3452506782
113,13,113.4320009191,-21.0909992068
113,12,25.6175404088,-3.7863766790
302,71,18.5432880833,0.5070628553
201,36,16.8985228480,-20.1730778664
201,37,26.0592918277,-12.9871132222
315,87,48.5342291340,102.0771900008
122,30,54.1149201978,-4.2312312164
215,54,80.1951219972,99.6008402968
201,34,17.2569130878,4.8902553189
316,88,63.5899379192,61.2229839684
115,21,110.6401352887,37.4566797003
115,16,1.4359253355,1.4403249847
202,41,48.7599795565,-23.3267655322
122,25,53.0880226216,-7.3758538577
122,29,42.1398917481,-8.0374158702
318,89,504.0646293048,-44.3422732715
315,86,4.9592474532,3.1940577105
123,32,64.8746993565,-28.7840236799
223,64,65.4717434802,-46.1022171885
101,3,57.9309365275,7.0221747642
222,59,35.9666682272,-12.5376923055
101,2,16.6492895145,2.4687883839
315,85,4.3805458483,5.5449413775
113,14,101.1997717873,40.0650870429
215,50,4.4691426403,6.4750117305
213,45,102.7353640888,29.0723428206
301,67,9.2338067490,5.6188092424
222,63,42.1551997898,-5.9826911867
102,5,21.2928809243,6.8775929617
107,11,26.6466657427,0.4503905212
207,43,13.9821468769,41.9027858293
215,49,2.1227524198,6.5936800086
115,17,4.1739865171,2.2452953037
115,19,5.6490524175,2.6978054999
213,46,86.6126087824,28.0246510607
313,80,109.6346640049,23.5205157520
323,97,62.7672892035,-31.0579784847
122,26,43.8747294681,-8.9233583624
223,65,39.2368127508,-70.5837552286
314,81,0.0000000000,56.1826169411
301,70,20.1190308258,-5.3361678725
123,33,92.3260296038,13.3407691027
214,48,0.0000000000,170.9615347104
107,10,15.8608082677,2.8477948450
207,44,0.8421878461,7.8518607952
222,61,39.9538857767,-3.9588241632
315,82,3.0460649732,4.0841899664
323,98,76.3727596058,-30.5217033428
118,23,298.9798238341,128.8882637178
215,51,6.5805788619,4.7707941559
101,4,53.4598525928,13.2620461806
201,35,15.0809181980,-0.1851487567
114,15,0.0000000000,33.3551935486
215,52,1.2765612223,3.9253484412
--end of generation dispatch
