--generation dispatch
bus id,unit id,pg(MW),qg(MVar)
40,1,423.2357155813,-37.4034023690
9,1,841.2002461724,503.9290249992
36,1,711.8072138613,534.9390987666
6,1,945.3951443158,-88.9042116863
103,1,490.7780662651,-231.6836965109
11,1,769.6060964071,-81.0304440008
144,1,1576.0148427750,101.9817952882
159,1,509.6002327555,9.9939463378
148,1,912.3435077345,72.4411827075
18,1,737.0366582057,-328.0385174282
4,1,770.8396590808,-63.2317392577
13,1,447.8518178923,232.5863752242
65,1,1752.3209140881,461.1351315661
70,1,549.7781318126,-200.9965016594
138,1,498.9793381611,-282.2763867454
15,1,681.4434243047,309.4400506962
149,1,796.4929430391,125.3578767781
35,1,1452.0877974863,683.5035104884
112,1,714.8549604966,-136.1394137429
79,1,5228.8967182392,-879.4607863936
118,1,1001.8529520412,1360.2334966157
162,1,797.5264204082,360.1420823585
30,1,2542.4794637007,837.1542104582
47,1,39.5776400922,19.1357634535
77,1,1975.6912788459,-468.3123804152
116,1,485.9093737402,-20.5679888236
45,1,1142.6782523496,351.5275453496
43,1,356.8427893058,72.7719464259
140,1,1762.5293435409,802.2962029285
--end of generation dispatch
