--generation dispatch
bus id,unit id,pg(MW),qg(MVar)
223,65,91.2853062285,-30.2613498299
201,35,13.8121717001,2.2458247160
313,78,3.9165329852,-1.0717418255
323,97,112.3056040732,-4.8945309598
113,12,14.9247554034,36.4737123715
222,60,51.1766749629,0.2808263409
323,99,285.2762615612,62.7023175766
202,40,28.8661479483,-9.6738111781
315,84,2.8564391758,5.6813347879
301,67,9.9261131024,1.6934827491
122,30,57.2952273319,-2.1992294556
107,11,21.5159754406,4.7841400471
113,13,108.8527713886,-24.0466303411
218,56,312.8277119525,71.7600213464
202,38,11.4587400664,-0.8452555764
207,42,0.5348512995,27.3955411219
122,28,47.1642960486,1.9584320195
102,7,48.2248822573,-31.5470261637
122,29,60.9469333611,3.2719120519
207,43,15.5255279409,-16.4626362590
323,98,134.7954024935,4.2943088215
213,45,63.6875809043,-6.9024897439
102,6,20.2515633973,0.8113304288
115,16,6.9129956133,3.3127125788
216,55,109.8371598501,57.4434122032
307,75,2.7365693286,0.8486972833
313,80,17.0694828271,21.3955436643
122,27,47.2643692111,11.6893180904
123,32,50.5251223780,-6.5560581380
315,86,8.0094419185,3.8542850032
318,89,307.6679996226,78.1588347000
322,93,44.0648419487,4.7571811943
123,33,180.6524019576,-64.8478194882
301,68,20.7078192553,1.6865870477
101,3,60.3720189677,-19.3926619356
315,87,129.5887292878,66.8334067662
115,20,1.6967480924,3.4764593237
307,77,61.6374264562,20.2789265808
201,34,9.2363861910,-0.1177368521
315,82,2.0969427324,4.7011712520
215,52,6.1848247015,4.6409943789
113,14,45.1151732242,-0.6823042247
123,31,73.3633617626,-44.4911060952
102,5,16.1012438336,1.2508781810
215,53,0.7459027720,1.3991896397
202,39,20.9339886232,3.0987690415
214,48,0.0000000000,78.2906379899
115,21,86.6500699683,-15.8455031069
115,18,0.3445945294,1.6884917574
122,26,53.8838535029,0.6780722188
101,1,12.9289582522,3.7627032214
201,36,13.0343556308,-30.8344285451
121,24,441.3659023897,94.9121645961
213,47,41.9983341756,17.5965690119
213,46,105.4216104619,2.3770512361
114,15,0.0000000000,115.9620488644
322,94,44.6491262510,5.7281881342
107,10,20.9893080753,-0.3790044396
101,4,20.3766337393,-28.2693764798
302,71,15.2519292927,1.9941619012
215,51,5.1578922028,5.6515354389
301,70,15.6654794170,-24.4082803734
302,72,18.7590818639,-0.8048165922
302,73,44.8260096370,-22.7335544772
315,85,4.8266506631,2.2143943624
102,8,48.2248800099,-12.4685935954
122,25,42.4170082895,6.1931286656
321,90,300.7062334764,63.6119242613
223,64,91.2853014487,-1.8407825941
315,83,5.9791576084,2.1208086268
302,74,15.7996299683,-29.4821830279
115,17,3.9534957496,0.8892904855
202,41,26.3491187697,-24.3184469760
307,76,10.1100552884,1.2095584641
107,9,72.2506948395,17.7120411355
215,50,9.6717066442,2.4314745114
221,57,331.9124943288,41.2393135467
322,91,47.6545808542,1.5132805121
322,96,36.2396493771,1.0538522504
215,49,4.6880459985,4.0864565903
313,79,126.7703858153,-30.4382383295
316,88,133.3466296749,45.8532540690
222,63,36.6254441472,-1.4293616395
207,44,16.2805477342,22.6436792201
115,19,4.4618319063,2.5650935186
222,58,46.9013142943,6.8414578542
322,95,58.2024843905,-3.6770555518
116,22,51.5251526413,4.8372526638
322,92,38.2674836724,0.3944337243
222,61,46.0445627136,2.2730134908
222,59,37.0852235899,-1.0646869298
222,62,39.8155090710,4.3346597413
201,37,13.0343906621,-13.6969266014
223,66,118.0979510181,36.1725255814
215,54,114.3606305603,72.7706125474
301,69,22.4165111739,-10.1812629423
101,2,16.1939741893,3.5988212738
118,23,372.4751837230,74.0332839345
314,81,0.0000000000,38.6348823281
--end of generation dispatch
