--generation dispatch
bus id,unit id,pg(MW),qg(MVar)
115,21,156.7249048183,32.2504107482
323,99,163.2126684195,116.4585333975
307,76,14.6340984651,1.5608848914
115,17,8.2093325717,1.3365112192
121,24,518.4516577106,137.1936637533
316,88,48.7328662955,49.7092958461
323,97,115.6092260005,36.1148520136
122,28,45.5247351851,-7.7962795493
107,9,20.5681598174,8.6456525529
322,96,59.4809135447,4.9169265627
315,85,3.8264759357,2.1504189432
215,53,0.8258744458,1.6384500640
322,94,63.2036536538,2.8213783811
113,12,59.0473252271,-8.8890131728
218,56,331.2091406897,134.5732838892
222,58,42.6252875635,8.5936191531
315,84,1.6142604491,3.9303599938
202,38,17.9082132888,-2.8143988234
123,31,15.6046863324,-45.9528006872
115,20,1.8397645522,2.6980646326
307,77,23.2632489780,11.3834390593
301,69,13.4244069847,-24.1168401430
323,98,115.6092205066,24.3790673010
102,5,21.5561935945,5.4297925614
113,13,37.5298803817,0.8534015789
202,41,28.7530068212,-16.9185440312
301,68,20.9201093898,-0.0156417513
101,1,20.1632392872,6.6905527287
122,25,55.7225168541,-4.4643074539
201,34,12.5512130510,7.0932022493
202,40,28.8681270465,-14.3338609448
213,46,95.0051056448,-13.3896444826
213,45,154.8434243546,36.8034581217
101,4,63.2994557964,8.2783188753
215,54,92.7903422979,-20.2588483047
222,62,48.9134542639,5.2393974009
223,65,86.7294734846,-30.5462165085
222,59,51.0265625496,4.5007882654
123,33,35.1296717955,-27.3999227425
122,30,55.1253494758,-0.1099103880
222,63,43.0785713247,4.8085859624
213,47,9.5070631839,38.2932928216
222,61,44.5825101500,2.5326060487
214,48,0.0000000000,73.5581933802
102,8,63.7923803276,-14.9627044872
318,89,384.4333885679,12.9076058836
122,29,42.7348489522,1.1998773515
101,2,11.1813291969,4.1449839830
322,93,38.6730799290,1.7856954472
107,11,51.0748519281,4.5904312684
313,79,55.2087198131,37.6373478780
101,3,63.2994534972,12.7962063898
207,42,0.1716637604,-22.4675826312
315,87,33.3333146790,59.9898788680
118,23,470.2426272491,49.9254509361
122,27,54.1471225557,-1.6744202578
215,50,5.3894971379,3.7180763630
115,18,6.2310511668,4.4363336258
201,37,38.6140927158,-5.9408736950
322,95,34.9900661853,8.9024968778
302,74,14.1062764349,-17.7725542891
307,75,38.6138714980,8.4131766351
123,32,53.1224668883,-11.8338334670
301,70,15.4129832575,-17.8772629106
322,92,42.9593741895,5.4686013856
215,52,0.8843347151,4.6360740700
301,67,8.9515591726,0.0238284579
322,91,56.2173802966,3.6534388293
221,57,485.5862805985,26.4601739890
114,15,0.0000000000,1.6016030159
223,66,44.7262720726,46.5781702042
321,90,460.4238459349,122.0643484953
313,78,31.6338412423,-29.3837511154
315,83,1.7824126333,2.7463632587
115,16,3.0320045572,5.2972165918
113,14,137.8238773371,5.1387453673
314,81,0.0000000000,76.2536134746
207,43,52.3613442114,19.3405546026
107,10,4.4914276345,25.1115671019
122,26,39.6685887196,0.1660096752
116,22,63.6149390878,14.9035043427
215,49,3.0506225859,2.9577230652
207,44,49.5372806910,23.2545575839
102,6,21.5561935598,7.9648331781
201,36,32.1852916664,-20.5671230477
302,71,12.8776164147,0.8899469965
102,7,80.5769826859,4.3721286828
222,60,37.2158448277,2.2023475980
315,82,4.2098298499,2.5124739419
223,64,72.2237556182,-0.8685701069
115,19,1.5611940940,5.2730420616
215,51,0.9064734916,2.1054415743
302,72,15.9229290235,1.5303338635
202,39,10.7549528122,-2.3883196894
302,73,20.2135540472,-27.7643874854
201,35,10.1036335359,5.4218741761
216,55,77.8752736349,21.6459204291
313,80,94.9497854545,11.1789028820
315,86,2.2108136507,2.8386880718
--end of generation dispatch
